[38;2;9;13;32m[48;2;9;13;32m▀[38;2;9;13;32m[48;2;9;13;32m▀[38;2;9;13;32m[48;2;9;13;32m▀[38;2;9;13;32m[48;2;9;13;32m▀[38;2;9;13;32m[48;2;9;13;32m▀[38;2;9;13;32m[48;2;9;13;32m▀[38;2;9;13;32m[48;2;9;13;32m▀[38;2;9;13;32m[48;2;9;13;32m▀[38;2;9;13;32m[48;2;9;13;32m▀[38;2;9;13;32m[48;2;9;13;32m▀[38;2;9;13;32m[48;2;215;220;235m▀[38;2;9;13;32m[48;2;9;13;32m▀[38;2;9;13;32m[48;2;9;13;32m▀[38;2;9;13;32m[48;2;9;13;32m▀[38;2;9;13;32m[48;2;9;13;32m▀[38;2;9;13;32m[48;2;9;13;32m▀[38;2;9;13;32m[48;2;9;13;32m▀[38;2;9;13;32m[48;2;9;13;32m▀[38;2;9;13;32m[48;2;9;13;32m▀[38;2;9;13;32m[48;2;9;13;32m▀[38;2;9;13;32m[48;2;9;13;32m▀[38;2;9;13;32m[48;2;9;13;32m▀[38;2;215;220;235m[48;2;9;13;32m▀[38;2;9;13;32m[48;2;9;13;32m▀[38;2;9;13;32m[48;2;9;13;32m▀[38;2;9;13;32m[48;2;9;13;32m▀[38;2;9;13;32m[48;2;9;13;32m▀[38;2;9;13;32m[48;2;9;13;32m▀[38;2;9;13;32m[48;2;9;13;32m▀[38;2;9;13;32m[48;2;8;8;8m▀[38;2;9;13;32m[48;2;9;13;32m▀[38;2;9;13;32m[48;2;9;13;32m▀[38;2;9;13;32m[48;2;9;13;32m▀[38;2;9;13;32m[48;2;9;13;32m▀[38;2;9;13;32m[48;2;9;13;32m▀[38;2;9;13;32m[48;2;9;13;32m▀[38;2;9;13;32m[48;2;9;13;32m▀[38;2;9;13;32m[48;2;9;13;32m▀[38;2;9;13;32m[48;2;215;220;235m▀[38;2;9;13;32m[48;2;9;13;32m▀[38;2;9;13;32m[48;2;9;13;32m▀[38;2;9;13;32m[48;2;9;13;32m▀[38;2;9;13;32m[48;2;9;13;32m▀[38;2;9;13;32m[48;2;9;13;32m▀[38;2;9;13;32m[48;2;9;13;32m▀[38;2;9;13;32m[48;2;9;13;32m▀[38;2;9;13;32m[48;2;9;13;32m▀[38;2;9;13;32m[48;2;9;13;32m▀[38;2;9;13;32m[48;2;9;13;32m▀[38;2;9;13;32m[48;2;9;13;32m▀[38;2;9;13;32m[48;2;9;13;32m▀[38;2;9;13;32m[48;2;9;13;32m▀[38;2;9;13;32m[48;2;9;13;32m▀[38;2;9;13;32m[48;2;9;13;32m▀[38;2;9;13;32m[48;2;9;13;32m▀[38;2;9;13;32m[48;2;9;13;32m▀[38;2;9;13;32m[48;2;9;13;32m▀[38;2;9;13;32m[48;2;9;13;32m▀[38;2;9;13;32m[48;2;9;13;32m▀[0m
[38;2;9;13;32m[48;2;9;13;32m▀[38;2;9;13;32m[48;2;9;13;32m▀[38;2;9;13;32m[48;2;9;13;32m▀[38;2;215;220;235m[48;2;9;13;32m▀[38;2;9;13;32m[48;2;9;13;32m▀[38;2;9;13;32m[48;2;9;13;32m▀[38;2;9;13;32m[48;2;9;13;32m▀[38;2;9;13;32m[48;2;9;13;32m▀[38;2;9;13;32m[48;2;9;13;32m▀[38;2;9;13;32m[48;2;9;13;32m▀[38;2;9;13;32m[48;2;9;13;32m▀[38;2;9;13;32m[48;2;9;13;32m▀[38;2;9;13;32m[48;2;9;13;32m▀[38;2;9;13;32m[48;2;9;13;32m▀[38;2;9;13;32m[48;2;9;13;32m▀[38;2;9;13;32m[48;2;8;8;8m▀[38;2;9;13;32m[48;2;8;8;8m▀[38;2;9;13;32m[48;2;8;8;8m▀[38;2;9;13;32m[48;2;8;8;8m▀[38;2;8;8;8m[48;2;8;8;8m▀[38;2;8;8;8m[48;2;8;8;8m▀[38;2;8;8;8m[48;2;255;201;0m▀[38;2;8;8;8m[48;2;255;201;0m▀[38;2;8;8;8m[48;2;255;201;0m▀[38;2;8;8;8m[48;2;255;201;0m▀[38;2;8;8;8m[48;2;255;201;0m▀[38;2;8;8;8m[48;2;255;201;0m▀[38;2;8;8;8m[48;2;255;201;0m▀[38;2;8;8;8m[48;2;255;201;0m▀[38;2;8;8;8m[48;2;255;201;0m▀[38;2;8;8;8m[48;2;255;201;0m▀[38;2;8;8;8m[48;2;255;201;0m▀[38;2;8;8;8m[48;2;255;201;0m▀[38;2;8;8;8m[48;2;255;201;0m▀[38;2;8;8;8m[48;2;255;201;0m▀[38;2;8;8;8m[48;2;255;201;0m▀[38;2;8;8;8m[48;2;255;201;0m▀[38;2;8;8;8m[48;2;255;201;0m▀[38;2;8;8;8m[48;2;8;8;8m▀[38;2;8;8;8m[48;2;8;8;8m▀[38;2;9;13;32m[48;2;8;8;8m▀[38;2;9;13;32m[48;2;8;8;8m▀[38;2;9;13;32m[48;2;8;8;8m▀[38;2;9;13;32m[48;2;8;8;8m▀[38;2;9;13;32m[48;2;9;13;32m▀[38;2;9;13;32m[48;2;9;13;32m▀[38;2;9;13;32m[48;2;9;13;32m▀[38;2;9;13;32m[48;2;9;13;32m▀[38;2;9;13;32m[48;2;9;13;32m▀[38;2;9;13;32m[48;2;9;13;32m▀[38;2;215;220;235m[48;2;9;13;32m▀[38;2;9;13;32m[48;2;9;13;32m▀[38;2;9;13;32m[48;2;9;13;32m▀[38;2;9;13;32m[48;2;9;13;32m▀[38;2;9;13;32m[48;2;9;13;32m▀[38;2;9;13;32m[48;2;9;13;32m▀[38;2;9;13;32m[48;2;9;13;32m▀[38;2;9;13;32m[48;2;9;13;32m▀[38;2;9;13;32m[48;2;9;13;32m▀[0m
[38;2;9;13;32m[48;2;9;13;32m▀[38;2;9;13;32m[48;2;9;13;32m▀[38;2;9;13;32m[48;2;9;13;32m▀[38;2;9;13;32m[48;2;9;13;32m▀[38;2;9;13;32m[48;2;9;13;32m▀[38;2;9;13;32m[48;2;9;13;32m▀[38;2;9;13;32m[48;2;9;13;32m▀[38;2;9;13;32m[48;2;9;13;32m▀[38;2;9;13;32m[48;2;9;13;32m▀[38;2;9;13;32m[48;2;8;8;8m▀[38;2;9;13;32m[48;2;8;8;8m▀[38;2;9;13;32m[48;2;8;8;8m▀[38;2;8;8;8m[48;2;8;8;8m▀[38;2;8;8;8m[48;2;8;8;8m▀[38;2;8;8;8m[48;2;255;201;0m▀[38;2;8;8;8m[48;2;255;201;0m▀[38;2;8;8;8m[48;2;255;201;0m▀[38;2;255;201;0m[48;2;255;201;0m▀[38;2;255;201;0m[48;2;255;201;0m▀[38;2;255;201;0m[48;2;255;201;0m▀[38;2;255;201;0m[48;2;255;201;0m▀[38;2;255;201;0m[48;2;255;201;0m▀[38;2;255;201;0m[48;2;255;201;0m▀[38;2;255;201;0m[48;2;255;201;0m▀[38;2;255;201;0m[48;2;255;201;0m▀[38;2;255;201;0m[48;2;255;201;0m▀[38;2;255;201;0m[48;2;255;201;0m▀[38;2;255;201;0m[48;2;255;201;0m▀[38;2;255;201;0m[48;2;255;201;0m▀[38;2;255;201;0m[48;2;255;201;0m▀[38;2;255;201;0m[48;2;255;201;0m▀[38;2;255;201;0m[48;2;255;201;0m▀[38;2;255;201;0m[48;2;255;201;0m▀[38;2;255;201;0m[48;2;255;201;0m▀[38;2;255;201;0m[48;2;255;201;0m▀[38;2;255;201;0m[48;2;255;201;0m▀[38;2;255;201;0m[48;2;255;201;0m▀[38;2;255;201;0m[48;2;255;201;0m▀[38;2;255;201;0m[48;2;255;201;0m▀[38;2;255;201;0m[48;2;255;201;0m▀[38;2;255;201;0m[48;2;255;201;0m▀[38;2;255;201;0m[48;2;255;201;0m▀[38;2;8;8;8m[48;2;255;201;0m▀[38;2;8;8;8m[48;2;255;201;0m▀[38;2;8;8;8m[48;2;255;201;0m▀[38;2;8;8;8m[48;2;8;8;8m▀[38;2;8;8;8m[48;2;8;8;8m▀[38;2;9;13;32m[48;2;8;8;8m▀[38;2;9;13;32m[48;2;8;8;8m▀[38;2;9;13;32m[48;2;8;8;8m▀[38;2;9;13;32m[48;2;9;13;32m▀[38;2;9;13;32m[48;2;9;13;32m▀[38;2;9;13;32m[48;2;9;13;32m▀[38;2;9;13;32m[48;2;9;13;32m▀[38;2;9;13;32m[48;2;9;13;32m▀[38;2;9;13;32m[48;2;9;13;32m▀[38;2;215;220;235m[48;2;9;13;32m▀[38;2;9;13;32m[48;2;9;13;32m▀[38;2;9;13;32m[48;2;9;13;32m▀[0m
[38;2;9;13;32m[48;2;9;13;32m▀[38;2;9;13;32m[48;2;9;13;32m▀[38;2;9;13;32m[48;2;9;13;32m▀[38;2;9;13;32m[48;2;9;13;32m▀[38;2;9;13;32m[48;2;9;13;32m▀[38;2;9;13;32m[48;2;9;13;32m▀[38;2;9;13;32m[48;2;8;8;8m▀[38;2;8;8;8m[48;2;8;8;8m▀[38;2;8;8;8m[48;2;8;8;8m▀[38;2;8;8;8m[48;2;8;8;8m▀[38;2;8;8;8m[48;2;255;201;0m▀[38;2;255;201;0m[48;2;255;201;0m▀[38;2;255;201;0m[48;2;255;201;0m▀[38;2;255;201;0m[48;2;255;201;0m▀[38;2;255;201;0m[48;2;255;201;0m▀[38;2;255;201;0m[48;2;255;201;0m▀[38;2;255;201;0m[48;2;255;201;0m▀[38;2;255;201;0m[48;2;255;201;0m▀[38;2;255;201;0m[48;2;255;201;0m▀[38;2;255;201;0m[48;2;255;201;0m▀[38;2;255;201;0m[48;2;255;201;0m▀[38;2;255;201;0m[48;2;255;201;0m▀[38;2;255;201;0m[48;2;255;201;0m▀[38;2;255;201;0m[48;2;255;201;0m▀[38;2;255;201;0m[48;2;255;201;0m▀[38;2;255;201;0m[48;2;255;201;0m▀[38;2;255;201;0m[48;2;255;201;0m▀[38;2;255;201;0m[48;2;255;201;0m▀[38;2;255;201;0m[48;2;255;201;0m▀[38;2;255;201;0m[48;2;255;201;0m▀[38;2;255;201;0m[48;2;255;201;0m▀[38;2;255;201;0m[48;2;255;201;0m▀[38;2;255;201;0m[48;2;255;201;0m▀[38;2;255;201;0m[48;2;255;201;0m▀[38;2;255;201;0m[48;2;255;201;0m▀[38;2;255;201;0m[48;2;255;201;0m▀[38;2;255;201;0m[48;2;255;201;0m▀[38;2;255;201;0m[48;2;255;201;0m▀[38;2;255;201;0m[48;2;255;201;0m▀[38;2;255;201;0m[48;2;255;201;0m▀[38;2;255;201;0m[48;2;255;201;0m▀[38;2;255;201;0m[48;2;255;201;0m▀[38;2;255;201;0m[48;2;255;201;0m▀[38;2;255;201;0m[48;2;255;201;0m▀[38;2;255;201;0m[48;2;255;201;0m▀[38;2;255;201;0m[48;2;255;201;0m▀[38;2;255;201;0m[48;2;255;201;0m▀[38;2;255;201;0m[48;2;255;201;0m▀[38;2;8;8;8m[48;2;255;201;0m▀[38;2;8;8;8m[48;2;8;8;8m▀[38;2;8;8;8m[48;2;8;8;8m▀[38;2;8;8;8m[48;2;8;8;8m▀[38;2;9;13;32m[48;2;8;8;8m▀[38;2;9;13;32m[48;2;9;13;32m▀[38;2;9;13;32m[48;2;9;13;32m▀[38;2;9;13;32m[48;2;9;13;32m▀[38;2;9;13;32m[48;2;9;13;32m▀[38;2;9;13;32m[48;2;9;13;32m▀[38;2;9;13;32m[48;2;9;13;32m▀[0m
[38;2;9;13;32m[48;2;9;13;32m▀[38;2;9;13;32m[48;2;215;220;235m▀[38;2;9;13;32m[48;2;9;13;32m▀[38;2;9;13;32m[48;2;9;13;32m▀[38;2;9;13;32m[48;2;8;8;8m▀[38;2;8;8;8m[48;2;8;8;8m▀[38;2;8;8;8m[48;2;8;8;8m▀[38;2;8;8;8m[48;2;255;201;0m▀[38;2;255;201;0m[48;2;255;201;0m▀[38;2;255;201;0m[48;2;255;201;0m▀[38;2;255;201;0m[48;2;255;201;0m▀[38;2;255;201;0m[48;2;255;201;0m▀[38;2;255;201;0m[48;2;255;201;0m▀[38;2;255;201;0m[48;2;255;201;0m▀[38;2;255;201;0m[48;2;255;201;0m▀[38;2;255;201;0m[48;2;255;201;0m▀[38;2;255;201;0m[48;2;255;201;0m▀[38;2;255;201;0m[48;2;255;201;0m▀[38;2;255;201;0m[48;2;255;201;0m▀[38;2;255;201;0m[48;2;255;201;0m▀[38;2;255;201;0m[48;2;255;201;0m▀[38;2;255;201;0m[48;2;255;201;0m▀[38;2;255;201;0m[48;2;255;201;0m▀[38;2;255;201;0m[48;2;255;201;0m▀[38;2;255;201;0m[48;2;255;201;0m▀[38;2;255;201;0m[48;2;8;8;8m▀[38;2;8;8;8m[48;2;8;8;8m▀[38;2;8;8;8m[48;2;8;8;8m▀[38;2;255;201;0m[48;2;8;8;8m▀[38;2;255;201;0m[48;2;8;8;8m▀[38;2;255;201;0m[48;2;8;8;8m▀[38;2;8;8;8m[48;2;8;8;8m▀[38;2;8;8;8m[48;2;8;8;8m▀[38;2;255;201;0m[48;2;8;8;8m▀[38;2;255;201;0m[48;2;255;201;0m▀[38;2;255;201;0m[48;2;255;201;0m▀[38;2;255;201;0m[48;2;255;201;0m▀[38;2;255;201;0m[48;2;255;201;0m▀[38;2;255;201;0m[48;2;255;201;0m▀[38;2;255;201;0m[48;2;255;201;0m▀[38;2;255;201;0m[48;2;255;201;0m▀[38;2;255;201;0m[48;2;255;201;0m▀[38;2;255;201;0m[48;2;255;201;0m▀[38;2;255;201;0m[48;2;255;201;0m▀[38;2;255;201;0m[48;2;255;201;0m▀[38;2;255;201;0m[48;2;255;201;0m▀[38;2;255;201;0m[48;2;255;201;0m▀[38;2;255;201;0m[48;2;255;201;0m▀[38;2;255;201;0m[48;2;255;201;0m▀[38;2;255;201;0m[48;2;255;201;0m▀[38;2;255;201;0m[48;2;255;201;0m▀[38;2;8;8;8m[48;2;255;201;0m▀[38;2;8;8;8m[48;2;8;8;8m▀[38;2;8;8;8m[48;2;8;8;8m▀[38;2;9;13;32m[48;2;8;8;8m▀[38;2;9;13;32m[48;2;9;13;32m▀[38;2;9;13;32m[48;2;9;13;32m▀[38;2;9;13;32m[48;2;9;13;32m▀[38;2;9;13;32m[48;2;9;13;32m▀[0m
[38;2;9;13;32m[48;2;9;13;32m▀[38;2;9;13;32m[48;2;9;13;32m▀[38;2;9;13;32m[48;2;8;8;8m▀[38;2;8;8;8m[48;2;8;8;8m▀[38;2;8;8;8m[48;2;8;8;8m▀[38;2;8;8;8m[48;2;255;201;0m▀[38;2;255;201;0m[48;2;255;201;0m▀[38;2;255;201;0m[48;2;255;201;0m▀[38;2;255;201;0m[48;2;255;201;0m▀[38;2;255;201;0m[48;2;255;201;0m▀[38;2;255;201;0m[48;2;255;201;0m▀[38;2;255;201;0m[48;2;8;8;8m▀[38;2;255;201;0m[48;2;8;8;8m▀[38;2;255;201;0m[48;2;8;8;8m▀[38;2;255;201;0m[48;2;8;8;8m▀[38;2;8;8;8m[48;2;8;8;8m▀[38;2;8;8;8m[48;2;8;8;8m▀[38;2;8;8;8m[48;2;8;8;8m▀[38;2;8;8;8m[48;2;8;8;8m▀[38;2;8;8;8m[48;2;8;8;8m▀[38;2;8;8;8m[48;2;8;8;8m▀[38;2;8;8;8m[48;2;8;8;8m▀[38;2;8;8;8m[48;2;8;8;8m▀[38;2;255;201;0m[48;2;8;8;8m▀[38;2;255;201;0m[48;2;255;201;0m▀[38;2;8;8;8m[48;2;8;8;8m▀[38;2;8;8;8m[48;2;8;8;8m▀[38;2;8;8;8m[48;2;8;8;8m▀[38;2;8;8;8m[48;2;8;8;8m▀[38;2;8;8;8m[48;2;8;8;8m▀[38;2;8;8;8m[48;2;8;8;8m▀[38;2;8;8;8m[48;2;8;8;8m▀[38;2;8;8;8m[48;2;8;8;8m▀[38;2;8;8;8m[48;2;8;8;8m▀[38;2;255;201;0m[48;2;255;201;0m▀[38;2;255;201;0m[48;2;8;8;8m▀[38;2;8;8;8m[48;2;8;8;8m▀[38;2;8;8;8m[48;2;8;8;8m▀[38;2;8;8;8m[48;2;8;8;8m▀[38;2;8;8;8m[48;2;8;8;8m▀[38;2;8;8;8m[48;2;8;8;8m▀[38;2;8;8;8m[48;2;8;8;8m▀[38;2;8;8;8m[48;2;8;8;8m▀[38;2;8;8;8m[48;2;8;8;8m▀[38;2;255;201;0m[48;2;8;8;8m▀[38;2;255;201;0m[48;2;8;8;8m▀[38;2;255;201;0m[48;2;8;8;8m▀[38;2;255;201;0m[48;2;8;8;8m▀[38;2;255;201;0m[48;2;255;201;0m▀[38;2;255;201;0m[48;2;255;201;0m▀[38;2;255;201;0m[48;2;255;201;0m▀[38;2;255;201;0m[48;2;255;201;0m▀[38;2;255;201;0m[48;2;255;201;0m▀[38;2;8;8;8m[48;2;255;201;0m▀[38;2;8;8;8m[48;2;8;8;8m▀[38;2;8;8;8m[48;2;8;8;8m▀[38;2;9;13;32m[48;2;8;8;8m▀[38;2;9;13;32m[48;2;9;13;32m▀[38;2;9;13;32m[48;2;9;13;32m▀[0m
[38;2;9;13;32m[48;2;9;13;32m▀[38;2;9;13;32m[48;2;9;13;32m▀[38;2;8;8;8m[48;2;8;8;8m▀[38;2;8;8;8m[48;2;8;8;8m▀[38;2;8;8;8m[48;2;8;8;8m▀[38;2;255;201;0m[48;2;255;201;0m▀[38;2;255;201;0m[48;2;255;201;0m▀[38;2;255;201;0m[48;2;255;201;0m▀[38;2;255;201;0m[48;2;8;8;8m▀[38;2;8;8;8m[48;2;8;8;8m▀[38;2;8;8;8m[48;2;8;8;8m▀[38;2;8;8;8m[48;2;8;8;8m▀[38;2;8;8;8m[48;2;8;8;8m▀[38;2;8;8;8m[48;2;8;8;8m▀[38;2;8;8;8m[48;2;8;8;8m▀[38;2;8;8;8m[48;2;8;8;8m▀[38;2;8;8;8m[48;2;8;8;8m▀[38;2;8;8;8m[48;2;8;8;8m▀[38;2;8;8;8m[48;2;8;8;8m▀[38;2;8;8;8m[48;2;8;8;8m▀[38;2;8;8;8m[48;2;8;8;8m▀[38;2;8;8;8m[48;2;8;8;8m▀[38;2;8;8;8m[48;2;8;8;8m▀[38;2;8;8;8m[48;2;8;8;8m▀[38;2;8;8;8m[48;2;8;8;8m▀[38;2;8;8;8m[48;2;8;8;8m▀[38;2;8;8;8m[48;2;8;8;8m▀[38;2;8;8;8m[48;2;8;8;8m▀[38;2;8;8;8m[48;2;8;8;8m▀[38;2;8;8;8m[48;2;8;8;8m▀[38;2;8;8;8m[48;2;8;8;8m▀[38;2;8;8;8m[48;2;8;8;8m▀[38;2;8;8;8m[48;2;8;8;8m▀[38;2;8;8;8m[48;2;8;8;8m▀[38;2;8;8;8m[48;2;8;8;8m▀[38;2;8;8;8m[48;2;8;8;8m▀[38;2;8;8;8m[48;2;8;8;8m▀[38;2;8;8;8m[48;2;8;8;8m▀[38;2;8;8;8m[48;2;8;8;8m▀[38;2;8;8;8m[48;2;8;8;8m▀[38;2;8;8;8m[48;2;8;8;8m▀[38;2;8;8;8m[48;2;8;8;8m▀[38;2;8;8;8m[48;2;8;8;8m▀[38;2;8;8;8m[48;2;8;8;8m▀[38;2;8;8;8m[48;2;8;8;8m▀[38;2;8;8;8m[48;2;8;8;8m▀[38;2;8;8;8m[48;2;8;8;8m▀[38;2;8;8;8m[48;2;8;8;8m▀[38;2;8;8;8m[48;2;8;8;8m▀[38;2;8;8;8m[48;2;8;8;8m▀[38;2;255;201;0m[48;2;8;8;8m▀[38;2;255;201;0m[48;2;255;201;0m▀[38;2;255;201;0m[48;2;255;201;0m▀[38;2;255;201;0m[48;2;255;201;0m▀[38;2;8;8;8m[48;2;8;8;8m▀[38;2;8;8;8m[48;2;8;8;8m▀[38;2;8;8;8m[48;2;8;8;8m▀[38;2;9;13;32m[48;2;9;13;32m▀[38;2;9;13;32m[48;2;9;13;32m▀[0m
[38;2;9;13;32m[48;2;9;13;32m▀[38;2;8;8;8m[48;2;9;13;32m▀[38;2;8;8;8m[48;2;8;8;8m▀[38;2;8;8;8m[48;2;8;8;8m▀[38;2;255;201;0m[48;2;8;8;8m▀[38;2;255;201;0m[48;2;255;201;0m▀[38;2;255;201;0m[48;2;255;201;0m▀[38;2;8;8;8m[48;2;255;201;0m▀[38;2;8;8;8m[48;2;8;8;8m▀[38;2;8;8;8m[48;2;8;8;8m▀[38;2;8;8;8m[48;2;8;8;8m▀[38;2;8;8;8m[48;2;8;8;8m▀[38;2;8;8;8m[48;2;8;8;8m▀[38;2;8;8;8m[48;2;8;8;8m▀[38;2;8;8;8m[48;2;8;8;8m▀[38;2;8;8;8m[48;2;8;8;8m▀[38;2;8;8;8m[48;2;8;8;8m▀[38;2;8;8;8m[48;2;8;8;8m▀[38;2;8;8;8m[48;2;8;8;8m▀[38;2;8;8;8m[48;2;8;8;8m▀[38;2;8;8;8m[48;2;8;8;8m▀[38;2;8;8;8m[48;2;8;8;8m▀[38;2;8;8;8m[48;2;8;8;8m▀[38;2;8;8;8m[48;2;8;8;8m▀[38;2;8;8;8m[48;2;8;8;8m▀[38;2;8;8;8m[48;2;8;8;8m▀[38;2;8;8;8m[48;2;8;8;8m▀[38;2;8;8;8m[48;2;8;8;8m▀[38;2;8;8;8m[48;2;8;8;8m▀[38;2;8;8;8m[48;2;8;8;8m▀[38;2;8;8;8m[48;2;8;8;8m▀[38;2;8;8;8m[48;2;8;8;8m▀[38;2;8;8;8m[48;2;8;8;8m▀[38;2;8;8;8m[48;2;8;8;8m▀[38;2;8;8;8m[48;2;8;8;8m▀[38;2;8;8;8m[48;2;8;8;8m▀[38;2;8;8;8m[48;2;8;8;8m▀[38;2;8;8;8m[48;2;8;8;8m▀[38;2;8;8;8m[48;2;8;8;8m▀[38;2;8;8;8m[48;2;8;8;8m▀[38;2;8;8;8m[48;2;8;8;8m▀[38;2;8;8;8m[48;2;8;8;8m▀[38;2;8;8;8m[48;2;8;8;8m▀[38;2;8;8;8m[48;2;8;8;8m▀[38;2;8;8;8m[48;2;8;8;8m▀[38;2;8;8;8m[48;2;8;8;8m▀[38;2;8;8;8m[48;2;8;8;8m▀[38;2;8;8;8m[48;2;8;8;8m▀[38;2;8;8;8m[48;2;8;8;8m▀[38;2;8;8;8m[48;2;8;8;8m▀[38;2;8;8;8m[48;2;8;8;8m▀[38;2;8;8;8m[48;2;255;201;0m▀[38;2;255;201;0m[48;2;255;201;0m▀[38;2;255;201;0m[48;2;255;201;0m▀[38;2;255;201;0m[48;2;8;8;8m▀[38;2;8;8;8m[48;2;8;8;8m▀[38;2;8;8;8m[48;2;8;8;8m▀[38;2;8;8;8m[48;2;9;13;32m▀[38;2;9;13;32m[48;2;9;13;32m▀[0m
[38;2;9;13;32m[48;2;9;13;32m▀[38;2;9;13;32m[48;2;9;13;32m▀[38;2;8;8;8m[48;2;8;8;8m▀[38;2;8;8;8m[48;2;8;8;8m▀[38;2;8;8;8m[48;2;8;8;8m▀[38;2;255;201;0m[48;2;255;201;0m▀[38;2;255;201;0m[48;2;255;201;0m▀[38;2;255;201;0m[48;2;255;201;0m▀[38;2;255;201;0m[48;2;255;201;0m▀[38;2;255;201;0m[48;2;255;201;0m▀[38;2;255;201;0m[48;2;255;201;0m▀[38;2;255;201;0m[48;2;255;201;0m▀[38;2;8;8;8m[48;2;255;201;0m▀[38;2;8;8;8m[48;2;255;201;0m▀[38;2;8;8;8m[48;2;8;8;8m▀[38;2;8;8;8m[48;2;8;8;8m▀[38;2;8;8;8m[48;2;8;8;8m▀[38;2;8;8;8m[48;2;8;8;8m▀[38;2;8;8;8m[48;2;8;8;8m▀[38;2;8;8;8m[48;2;8;8;8m▀[38;2;8;8;8m[48;2;8;8;8m▀[38;2;8;8;8m[48;2;8;8;8m▀[38;2;8;8;8m[48;2;8;8;8m▀[38;2;8;8;8m[48;2;8;8;8m▀[38;2;8;8;8m[48;2;8;8;8m▀[38;2;8;8;8m[48;2;8;8;8m▀[38;2;8;8;8m[48;2;8;8;8m▀[38;2;8;8;8m[48;2;8;8;8m▀[38;2;8;8;8m[48;2;8;8;8m▀[38;2;8;8;8m[48;2;8;8;8m▀[38;2;8;8;8m[48;2;8;8;8m▀[38;2;8;8;8m[48;2;8;8;8m▀[38;2;8;8;8m[48;2;8;8;8m▀[38;2;8;8;8m[48;2;8;8;8m▀[38;2;8;8;8m[48;2;8;8;8m▀[38;2;8;8;8m[48;2;8;8;8m▀[38;2;8;8;8m[48;2;8;8;8m▀[38;2;8;8;8m[48;2;8;8;8m▀[38;2;8;8;8m[48;2;8;8;8m▀[38;2;8;8;8m[48;2;8;8;8m▀[38;2;8;8;8m[48;2;8;8;8m▀[38;2;8;8;8m[48;2;8;8;8m▀[38;2;8;8;8m[48;2;8;8;8m▀[38;2;8;8;8m[48;2;8;8;8m▀[38;2;8;8;8m[48;2;8;8;8m▀[38;2;8;8;8m[48;2;255;201;0m▀[38;2;8;8;8m[48;2;255;201;0m▀[38;2;255;201;0m[48;2;255;201;0m▀[38;2;255;201;0m[48;2;255;201;0m▀[38;2;255;201;0m[48;2;255;201;0m▀[38;2;255;201;0m[48;2;255;201;0m▀[38;2;255;201;0m[48;2;255;201;0m▀[38;2;255;201;0m[48;2;255;201;0m▀[38;2;255;201;0m[48;2;255;201;0m▀[38;2;8;8;8m[48;2;8;8;8m▀[38;2;8;8;8m[48;2;8;8;8m▀[38;2;8;8;8m[48;2;8;8;8m▀[38;2;9;13;32m[48;2;9;13;32m▀[38;2;9;13;32m[48;2;9;13;32m▀[0m
[38;2;9;13;32m[48;2;9;13;32m▀[38;2;9;13;32m[48;2;215;220;235m▀[38;2;9;13;32m[48;2;9;13;32m▀[38;2;8;8;8m[48;2;9;13;32m▀[38;2;8;8;8m[48;2;8;8;8m▀[38;2;8;8;8m[48;2;8;8;8m▀[38;2;255;201;0m[48;2;8;8;8m▀[38;2;255;201;0m[48;2;255;201;0m▀[38;2;255;201;0m[48;2;255;201;0m▀[38;2;255;201;0m[48;2;255;201;0m▀[38;2;255;201;0m[48;2;255;201;0m▀[38;2;255;201;0m[48;2;255;201;0m▀[38;2;255;201;0m[48;2;255;201;0m▀[38;2;255;201;0m[48;2;255;201;0m▀[38;2;255;201;0m[48;2;255;201;0m▀[38;2;8;8;8m[48;2;255;201;0m▀[38;2;8;8;8m[48;2;8;8;8m▀[38;2;8;8;8m[48;2;8;8;8m▀[38;2;8;8;8m[48;2;255;201;0m▀[38;2;255;201;0m[48;2;255;201;0m▀[38;2;8;8;8m[48;2;255;201;0m▀[38;2;8;8;8m[48;2;8;8;8m▀[38;2;8;8;8m[48;2;8;8;8m▀[38;2;8;8;8m[48;2;8;8;8m▀[38;2;8;8;8m[48;2;8;8;8m▀[38;2;8;8;8m[48;2;255;201;0m▀[38;2;8;8;8m[48;2;255;201;0m▀[38;2;8;8;8m[48;2;8;8;8m▀[38;2;8;8;8m[48;2;8;8;8m▀[38;2;8;8;8m[48;2;8;8;8m▀[38;2;8;8;8m[48;2;8;8;8m▀[38;2;8;8;8m[48;2;8;8;8m▀[38;2;8;8;8m[48;2;255;201;0m▀[38;2;8;8;8m[48;2;255;201;0m▀[38;2;8;8;8m[48;2;8;8;8m▀[38;2;8;8;8m[48;2;8;8;8m▀[38;2;8;8;8m[48;2;8;8;8m▀[38;2;8;8;8m[48;2;8;8;8m▀[38;2;8;8;8m[48;2;255;201;0m▀[38;2;255;201;0m[48;2;255;201;0m▀[38;2;8;8;8m[48;2;255;201;0m▀[38;2;8;8;8m[48;2;8;8;8m▀[38;2;8;8;8m[48;2;8;8;8m▀[38;2;8;8;8m[48;2;255;201;0m▀[38;2;255;201;0m[48;2;255;201;0m▀[38;2;255;201;0m[48;2;255;201;0m▀[38;2;255;201;0m[48;2;255;201;0m▀[38;2;255;201;0m[48;2;255;201;0m▀[38;2;255;201;0m[48;2;255;201;0m▀[38;2;255;201;0m[48;2;255;201;0m▀[38;2;255;201;0m[48;2;255;201;0m▀[38;2;255;201;0m[48;2;255;201;0m▀[38;2;255;201;0m[48;2;8;8;8m▀[38;2;8;8;8m[48;2;8;8;8m▀[38;2;8;8;8m[48;2;8;8;8m▀[38;2;8;8;8m[48;2;9;13;32m▀[38;2;9;13;32m[48;2;9;13;32m▀[38;2;9;13;32m[48;2;9;13;32m▀[38;2;9;13;32m[48;2;9;13;32m▀[0m
[38;2;9;13;32m[48;2;9;13;32m▀[38;2;9;13;32m[48;2;9;13;32m▀[38;2;9;13;32m[48;2;9;13;32m▀[38;2;9;13;32m[48;2;9;13;32m▀[38;2;9;13;32m[48;2;9;13;32m▀[38;2;8;8;8m[48;2;9;13;32m▀[38;2;8;8;8m[48;2;8;8;8m▀[38;2;8;8;8m[48;2;8;8;8m▀[38;2;255;201;0m[48;2;8;8;8m▀[38;2;255;201;0m[48;2;8;8;8m▀[38;2;255;201;0m[48;2;255;201;0m▀[38;2;255;201;0m[48;2;255;201;0m▀[38;2;255;201;0m[48;2;255;201;0m▀[38;2;255;201;0m[48;2;255;201;0m▀[38;2;255;201;0m[48;2;255;201;0m▀[38;2;255;201;0m[48;2;255;201;0m▀[38;2;255;201;0m[48;2;255;201;0m▀[38;2;255;201;0m[48;2;255;201;0m▀[38;2;255;201;0m[48;2;255;201;0m▀[38;2;255;201;0m[48;2;255;201;0m▀[38;2;255;201;0m[48;2;255;201;0m▀[38;2;255;201;0m[48;2;255;201;0m▀[38;2;8;8;8m[48;2;255;201;0m▀[38;2;8;8;8m[48;2;255;201;0m▀[38;2;255;201;0m[48;2;255;201;0m▀[38;2;255;201;0m[48;2;255;201;0m▀[38;2;255;201;0m[48;2;255;201;0m▀[38;2;255;201;0m[48;2;255;201;0m▀[38;2;8;8;8m[48;2;255;201;0m▀[38;2;8;8;8m[48;2;8;8;8m▀[38;2;8;8;8m[48;2;255;201;0m▀[38;2;255;201;0m[48;2;255;201;0m▀[38;2;255;201;0m[48;2;255;201;0m▀[38;2;255;201;0m[48;2;255;201;0m▀[38;2;255;201;0m[48;2;255;201;0m▀[38;2;8;8;8m[48;2;255;201;0m▀[38;2;8;8;8m[48;2;255;201;0m▀[38;2;255;201;0m[48;2;255;201;0m▀[38;2;255;201;0m[48;2;255;201;0m▀[38;2;255;201;0m[48;2;255;201;0m▀[38;2;255;201;0m[48;2;255;201;0m▀[38;2;255;201;0m[48;2;255;201;0m▀[38;2;255;201;0m[48;2;255;201;0m▀[38;2;255;201;0m[48;2;255;201;0m▀[38;2;255;201;0m[48;2;255;201;0m▀[38;2;255;201;0m[48;2;255;201;0m▀[38;2;255;201;0m[48;2;255;201;0m▀[38;2;255;201;0m[48;2;255;201;0m▀[38;2;255;201;0m[48;2;255;201;0m▀[38;2;255;201;0m[48;2;8;8;8m▀[38;2;255;201;0m[48;2;8;8;8m▀[38;2;8;8;8m[48;2;8;8;8m▀[38;2;8;8;8m[48;2;8;8;8m▀[38;2;8;8;8m[48;2;9;13;32m▀[38;2;9;13;32m[48;2;9;13;32m▀[38;2;9;13;32m[48;2;9;13;32m▀[38;2;9;13;32m[48;2;215;220;235m▀[38;2;9;13;32m[48;2;9;13;32m▀[38;2;9;13;32m[48;2;9;13;32m▀[0m
[38;2;9;13;32m[48;2;9;13;32m▀[38;2;9;13;32m[48;2;9;13;32m▀[38;2;9;13;32m[48;2;9;13;32m▀[38;2;9;13;32m[48;2;9;13;32m▀[38;2;9;13;32m[48;2;9;13;32m▀[38;2;9;13;32m[48;2;9;13;32m▀[38;2;9;13;32m[48;2;9;13;32m▀[38;2;8;8;8m[48;2;9;13;32m▀[38;2;8;8;8m[48;2;9;13;32m▀[38;2;8;8;8m[48;2;8;8;8m▀[38;2;8;8;8m[48;2;8;8;8m▀[38;2;255;201;0m[48;2;8;8;8m▀[38;2;255;201;0m[48;2;8;8;8m▀[38;2;255;201;0m[48;2;8;8;8m▀[38;2;255;201;0m[48;2;255;201;0m▀[38;2;255;201;0m[48;2;255;201;0m▀[38;2;255;201;0m[48;2;255;201;0m▀[38;2;255;201;0m[48;2;255;201;0m▀[38;2;255;201;0m[48;2;255;201;0m▀[38;2;255;201;0m[48;2;255;201;0m▀[38;2;255;201;0m[48;2;255;201;0m▀[38;2;255;201;0m[48;2;255;201;0m▀[38;2;255;201;0m[48;2;255;201;0m▀[38;2;255;201;0m[48;2;255;201;0m▀[38;2;255;201;0m[48;2;255;201;0m▀[38;2;255;201;0m[48;2;255;201;0m▀[38;2;255;201;0m[48;2;255;201;0m▀[38;2;255;201;0m[48;2;255;201;0m▀[38;2;255;201;0m[48;2;255;201;0m▀[38;2;255;201;0m[48;2;255;201;0m▀[38;2;255;201;0m[48;2;255;201;0m▀[38;2;255;201;0m[48;2;255;201;0m▀[38;2;255;201;0m[48;2;255;201;0m▀[38;2;255;201;0m[48;2;255;201;0m▀[38;2;255;201;0m[48;2;255;201;0m▀[38;2;255;201;0m[48;2;255;201;0m▀[38;2;255;201;0m[48;2;255;201;0m▀[38;2;255;201;0m[48;2;255;201;0m▀[38;2;255;201;0m[48;2;255;201;0m▀[38;2;255;201;0m[48;2;255;201;0m▀[38;2;255;201;0m[48;2;255;201;0m▀[38;2;255;201;0m[48;2;255;201;0m▀[38;2;255;201;0m[48;2;255;201;0m▀[38;2;255;201;0m[48;2;255;201;0m▀[38;2;255;201;0m[48;2;255;201;0m▀[38;2;255;201;0m[48;2;8;8;8m▀[38;2;255;201;0m[48;2;8;8;8m▀[38;2;255;201;0m[48;2;8;8;8m▀[38;2;8;8;8m[48;2;8;8;8m▀[38;2;8;8;8m[48;2;8;8;8m▀[38;2;8;8;8m[48;2;9;13;32m▀[38;2;8;8;8m[48;2;9;13;32m▀[38;2;9;13;32m[48;2;9;13;32m▀[38;2;9;13;32m[48;2;9;13;32m▀[38;2;9;13;32m[48;2;9;13;32m▀[38;2;9;13;32m[48;2;9;13;32m▀[38;2;9;13;32m[48;2;9;13;32m▀[38;2;9;13;32m[48;2;9;13;32m▀[38;2;9;13;32m[48;2;9;13;32m▀[0m
[38;2;9;13;32m[48;2;9;13;32m▀[38;2;9;13;32m[48;2;9;13;32m▀[38;2;9;13;32m[48;2;9;13;32m▀[38;2;9;13;32m[48;2;9;13;32m▀[38;2;9;13;32m[48;2;9;13;32m▀[38;2;9;13;32m[48;2;9;13;32m▀[38;2;9;13;32m[48;2;215;220;235m▀[38;2;9;13;32m[48;2;9;13;32m▀[38;2;9;13;32m[48;2;9;13;32m▀[38;2;9;13;32m[48;2;9;13;32m▀[38;2;9;13;32m[48;2;9;13;32m▀[38;2;9;13;32m[48;2;9;13;32m▀[38;2;8;8;8m[48;2;9;13;32m▀[38;2;8;8;8m[48;2;9;13;32m▀[38;2;8;8;8m[48;2;9;13;32m▀[38;2;8;8;8m[48;2;8;8;8m▀[38;2;8;8;8m[48;2;8;8;8m▀[38;2;255;201;0m[48;2;8;8;8m▀[38;2;255;201;0m[48;2;8;8;8m▀[38;2;255;201;0m[48;2;8;8;8m▀[38;2;255;201;0m[48;2;8;8;8m▀[38;2;255;201;0m[48;2;255;201;0m▀[38;2;255;201;0m[48;2;255;201;0m▀[38;2;255;201;0m[48;2;255;201;0m▀[38;2;255;201;0m[48;2;255;201;0m▀[38;2;255;201;0m[48;2;255;201;0m▀[38;2;255;201;0m[48;2;255;201;0m▀[38;2;255;201;0m[48;2;255;201;0m▀[38;2;255;201;0m[48;2;255;201;0m▀[38;2;255;201;0m[48;2;255;201;0m▀[38;2;255;201;0m[48;2;255;201;0m▀[38;2;255;201;0m[48;2;255;201;0m▀[38;2;255;201;0m[48;2;255;201;0m▀[38;2;255;201;0m[48;2;255;201;0m▀[38;2;255;201;0m[48;2;255;201;0m▀[38;2;255;201;0m[48;2;255;201;0m▀[38;2;255;201;0m[48;2;255;201;0m▀[38;2;255;201;0m[48;2;255;201;0m▀[38;2;255;201;0m[48;2;8;8;8m▀[38;2;255;201;0m[48;2;8;8;8m▀[38;2;255;201;0m[48;2;8;8;8m▀[38;2;255;201;0m[48;2;8;8;8m▀[38;2;8;8;8m[48;2;8;8;8m▀[38;2;8;8;8m[48;2;8;8;8m▀[38;2;8;8;8m[48;2;9;13;32m▀[38;2;8;8;8m[48;2;9;13;32m▀[38;2;8;8;8m[48;2;9;13;32m▀[38;2;9;13;32m[48;2;9;13;32m▀[38;2;9;13;32m[48;2;9;13;32m▀[38;2;9;13;32m[48;2;9;13;32m▀[38;2;9;13;32m[48;2;9;13;32m▀[38;2;9;13;32m[48;2;9;13;32m▀[38;2;9;13;32m[48;2;9;13;32m▀[38;2;9;13;32m[48;2;9;13;32m▀[38;2;9;13;32m[48;2;9;13;32m▀[38;2;9;13;32m[48;2;9;13;32m▀[38;2;9;13;32m[48;2;9;13;32m▀[38;2;9;13;32m[48;2;9;13;32m▀[38;2;9;13;32m[48;2;9;13;32m▀[0m
[38;2;9;13;32m[48;2;9;13;32m▀[38;2;9;13;32m[48;2;9;13;32m▀[38;2;9;13;32m[48;2;9;13;32m▀[38;2;9;13;32m[48;2;9;13;32m▀[38;2;9;13;32m[48;2;9;13;32m▀[38;2;9;13;32m[48;2;9;13;32m▀[38;2;9;13;32m[48;2;9;13;32m▀[38;2;9;13;32m[48;2;9;13;32m▀[38;2;9;13;32m[48;2;9;13;32m▀[38;2;9;13;32m[48;2;9;13;32m▀[38;2;9;13;32m[48;2;9;13;32m▀[38;2;9;13;32m[48;2;9;13;32m▀[38;2;9;13;32m[48;2;9;13;32m▀[38;2;9;13;32m[48;2;9;13;32m▀[38;2;9;13;32m[48;2;215;220;235m▀[38;2;9;13;32m[48;2;9;13;32m▀[38;2;9;13;32m[48;2;9;13;32m▀[38;2;9;13;32m[48;2;9;13;32m▀[38;2;9;13;32m[48;2;9;13;32m▀[38;2;8;8;8m[48;2;9;13;32m▀[38;2;8;8;8m[48;2;9;13;32m▀[38;2;8;8;8m[48;2;9;13;32m▀[38;2;8;8;8m[48;2;9;13;32m▀[38;2;8;8;8m[48;2;9;13;32m▀[38;2;8;8;8m[48;2;9;13;32m▀[38;2;8;8;8m[48;2;9;13;32m▀[38;2;8;8;8m[48;2;9;13;32m▀[38;2;8;8;8m[48;2;9;13;32m▀[38;2;8;8;8m[48;2;9;13;32m▀[38;2;8;8;8m[48;2;8;8;8m▀[38;2;8;8;8m[48;2;9;13;32m▀[38;2;8;8;8m[48;2;9;13;32m▀[38;2;8;8;8m[48;2;9;13;32m▀[38;2;8;8;8m[48;2;9;13;32m▀[38;2;8;8;8m[48;2;9;13;32m▀[38;2;8;8;8m[48;2;9;13;32m▀[38;2;8;8;8m[48;2;9;13;32m▀[38;2;8;8;8m[48;2;9;13;32m▀[38;2;8;8;8m[48;2;9;13;32m▀[38;2;8;8;8m[48;2;9;13;32m▀[38;2;9;13;32m[48;2;9;13;32m▀[38;2;9;13;32m[48;2;9;13;32m▀[38;2;9;13;32m[48;2;9;13;32m▀[38;2;9;13;32m[48;2;9;13;32m▀[38;2;9;13;32m[48;2;215;220;235m▀[38;2;9;13;32m[48;2;9;13;32m▀[38;2;9;13;32m[48;2;9;13;32m▀[38;2;9;13;32m[48;2;9;13;32m▀[38;2;9;13;32m[48;2;9;13;32m▀[38;2;9;13;32m[48;2;9;13;32m▀[38;2;9;13;32m[48;2;9;13;32m▀[38;2;9;13;32m[48;2;9;13;32m▀[38;2;215;220;235m[48;2;9;13;32m▀[38;2;9;13;32m[48;2;9;13;32m▀[38;2;9;13;32m[48;2;9;13;32m▀[38;2;9;13;32m[48;2;9;13;32m▀[38;2;9;13;32m[48;2;9;13;32m▀[38;2;9;13;32m[48;2;9;13;32m▀[38;2;9;13;32m[48;2;9;13;32m▀[0m

[1;38;2;255;201;0m                      B  A  T  M  A  N                     [0m
[3;38;2;125;130;150m       “I am vengeance. I am the night. I am Batman.”      [0m
