[38;2;6;9;24m[48;2;7;10;25m▀[38;2;6;9;24m[48;2;7;10;25m▀[38;2;6;9;24m[48;2;7;10;25m▀[38;2;6;9;24m[48;2;7;10;25m▀[38;2;6;9;24m[48;2;7;10;25m▀[38;2;6;9;24m[48;2;7;10;25m▀[38;2;6;9;24m[48;2;7;10;25m▀[38;2;6;9;24m[48;2;15;17;31m▀[38;2;6;9;24m[48;2;23;26;38m▀[38;2;6;9;24m[48;2;32;34;44m▀[38;2;12;14;28m[48;2;40;41;50m▀[38;2;19;22;34m[48;2;47;49;56m▀[38;2;26;29;40m[48;2;54;55;61m▀[38;2;33;35;45m[48;2;61;62;66m▀[38;2;39;41;49m[48;2;67;68;71m▀[38;2;45;46;54m[48;2;73;73;75m▀[38;2;50;51;58m[48;2;78;78;79m▀[38;2;55;56;62m[48;2;83;83;83m▀[38;2;59;60;65m[48;2;87;87;86m▀[38;2;63;64;68m[48;2;91;91;89m▀[38;2;66;67;71m[48;2;240;238;211m▀[38;2;69;70;73m[48;2;241;239;211m▀[38;2;72;72;75m[48;2;241;239;211m▀[38;2;74;74;76m[48;2;241;239;211m▀[38;2;75;76;78m[48;2;241;239;211m▀[38;2;77;77;78m[48;2;241;239;211m▀[38;2;77;78;79m[48;2;241;239;211m▀[38;2;78;78;79m[48;2;241;239;211m▀[38;2;77;78;79m[48;2;241;239;211m▀[38;2;77;77;78m[48;2;241;239;211m▀[38;2;75;76;78m[48;2;241;239;211m▀[38;2;74;74;76m[48;2;241;239;211m▀[38;2;72;72;75m[48;2;241;239;211m▀[38;2;69;70;73m[48;2;241;239;211m▀[38;2;66;67;71m[48;2;240;238;211m▀[38;2;63;64;68m[48;2;91;91;89m▀[38;2;59;60;65m[48;2;87;87;86m▀[38;2;55;56;62m[48;2;83;83;83m▀[38;2;50;51;58m[48;2;78;78;79m▀[38;2;45;46;54m[48;2;73;73;75m▀[38;2;39;41;49m[48;2;67;68;71m▀[38;2;33;35;45m[48;2;61;62;66m▀[38;2;26;29;40m[48;2;54;55;61m▀[38;2;19;22;34m[48;2;47;49;56m▀[38;2;12;14;28m[48;2;40;41;50m▀[38;2;6;9;24m[48;2;32;34;44m▀[38;2;6;9;24m[48;2;23;26;38m▀[38;2;6;9;24m[48;2;15;17;31m▀[38;2;6;9;24m[48;2;7;10;25m▀[38;2;6;9;24m[48;2;7;10;25m▀[38;2;6;9;24m[48;2;7;10;25m▀[38;2;6;9;24m[48;2;7;10;25m▀[38;2;6;9;24m[48;2;7;10;25m▀[38;2;6;9;24m[48;2;7;10;25m▀[38;2;6;9;24m[48;2;7;10;25m▀[38;2;6;9;24m[48;2;7;10;25m▀[38;2;6;9;24m[48;2;7;10;25m▀[38;2;6;9;24m[48;2;7;10;25m▀[38;2;6;9;24m[48;2;7;10;25m▀[38;2;6;9;24m[48;2;7;10;25m▀[0m
[38;2;7;10;26m[48;2;8;11;28m▀[38;2;7;10;26m[48;2;8;11;28m▀[38;2;7;10;26m[48;2;11;14;30m▀[38;2;7;10;26m[48;2;22;24;39m▀[38;2;10;13;28m[48;2;32;35;47m▀[38;2;20;22;36m[48;2;43;44;54m▀[38;2;30;32;43m[48;2;52;54;62m▀[38;2;39;41;50m[48;2;62;63;69m▀[38;2;48;49;57m[48;2;70;71;75m▀[38;2;56;57;64m[48;2;79;79;82m▀[38;2;64;65;70m[48;2;87;87;88m▀[38;2;72;72;75m[48;2;240;238;211m▀[38;2;79;79;81m[48;2;241;239;211m▀[38;2;85;85;86m[48;2;241;239;211m▀[38;2;91;91;91m[48;2;242;239;211m▀[38;2;241;239;211m[48;2;242;239;211m▀[38;2;241;239;211m[48;2;242;240;211m▀[38;2;241;239;211m[48;2;243;240;211m▀[38;2;242;239;211m[48;2;243;240;211m▀[38;2;242;239;211m[48;2;243;240;211m▀[38;2;242;239;211m[48;2;244;240;211m▀[38;2;242;240;211m[48;2;244;240;211m▀[38;2;242;240;211m[48;2;244;241;211m▀[38;2;243;240;211m[48;2;244;241;211m▀[38;2;243;240;211m[48;2;244;241;211m▀[38;2;243;240;211m[48;2;244;241;211m▀[38;2;243;240;211m[48;2;244;241;211m▀[38;2;243;240;211m[48;2;244;241;211m▀[38;2;243;240;211m[48;2;244;241;211m▀[38;2;243;240;211m[48;2;244;241;211m▀[38;2;243;240;211m[48;2;244;241;211m▀[38;2;243;240;211m[48;2;244;241;211m▀[38;2;242;240;211m[48;2;244;241;211m▀[38;2;242;240;211m[48;2;244;240;211m▀[38;2;242;239;211m[48;2;244;240;211m▀[38;2;242;239;211m[48;2;243;240;211m▀[38;2;242;239;211m[48;2;243;240;211m▀[38;2;241;239;211m[48;2;243;240;211m▀[38;2;241;239;211m[48;2;242;240;211m▀[38;2;241;239;211m[48;2;242;239;211m▀[38;2;91;91;91m[48;2;242;239;211m▀[38;2;85;85;86m[48;2;241;239;211m▀[38;2;79;79;81m[48;2;241;239;211m▀[38;2;72;72;75m[48;2;240;238;211m▀[38;2;64;65;70m[48;2;87;87;88m▀[38;2;56;57;64m[48;2;79;79;82m▀[38;2;48;49;57m[48;2;70;71;75m▀[38;2;39;41;50m[48;2;62;63;69m▀[38;2;30;32;43m[48;2;52;54;62m▀[38;2;20;22;36m[48;2;43;44;54m▀[38;2;10;13;28m[48;2;32;35;47m▀[38;2;7;10;26m[48;2;22;24;39m▀[38;2;7;10;26m[48;2;11;14;30m▀[38;2;7;10;26m[48;2;8;11;28m▀[38;2;7;10;26m[48;2;8;11;28m▀[38;2;7;10;26m[48;2;8;11;28m▀[38;2;7;10;26m[48;2;8;11;28m▀[38;2;7;10;26m[48;2;8;11;28m▀[38;2;7;10;26m[48;2;8;11;28m▀[38;2;7;10;26m[48;2;8;11;28m▀[0m
[38;2;8;12;29m[48;2;24;26;41m▀[38;2;18;22;37m[48;2;36;38;50m▀[38;2;30;33;46m[48;2;47;49;59m▀[38;2;41;44;54m[48;2;58;60;67m▀[38;2;52;54;62m[48;2;69;70;75m▀[38;2;62;64;70m[48;2;79;80;83m▀[38;2;72;73;77m[48;2;89;89;90m▀[38;2;81;82;84m[48;2;241;239;211m▀[38;2;90;90;91m[48;2;241;239;211m▀[38;2;241;239;211m[48;2;242;239;211m▀[38;2;241;239;211m[48;2;242;240;211m▀[38;2;242;239;211m[48;2;243;240;211m▀[38;2;242;239;211m[48;2;243;240;211m▀[38;2;243;240;211m[48;2;244;240;211m▀[38;2;243;240;211m[48;2;244;241;211m▀[38;2;243;240;211m[48;2;245;241;211m▀[38;2;244;240;211m[48;2;245;241;211m▀[38;2;244;241;211m[48;2;245;241;211m▀[38;2;244;241;211m[48;2;246;241;211m▀[38;2;245;241;211m[48;2;246;242;211m▀[38;2;245;241;211m[48;2;246;242;211m▀[38;2;245;241;211m[48;2;246;242;211m▀[38;2;245;241;211m[48;2;246;242;211m▀[38;2;245;241;211m[48;2;14;17;33m▀[38;2;14;17;33m[48;2;14;17;33m▀[38;2;14;17;33m[48;2;14;17;33m▀[38;2;246;242;211m[48;2;14;17;33m▀[38;2;246;242;211m[48;2;14;17;33m▀[38;2;246;242;211m[48;2;14;17;33m▀[38;2;14;17;33m[48;2;14;17;33m▀[38;2;14;17;33m[48;2;14;17;33m▀[38;2;245;241;211m[48;2;14;17;33m▀[38;2;245;241;211m[48;2;246;242;211m▀[38;2;245;241;211m[48;2;246;242;211m▀[38;2;245;241;211m[48;2;246;242;211m▀[38;2;245;241;211m[48;2;246;242;211m▀[38;2;244;241;211m[48;2;246;241;211m▀[38;2;244;241;211m[48;2;245;241;211m▀[38;2;244;240;211m[48;2;245;241;211m▀[38;2;243;240;211m[48;2;245;241;211m▀[38;2;243;240;211m[48;2;244;241;211m▀[38;2;243;240;211m[48;2;244;240;211m▀[38;2;242;239;211m[48;2;243;240;211m▀[38;2;242;239;211m[48;2;243;240;211m▀[38;2;241;239;211m[48;2;242;240;211m▀[38;2;241;239;211m[48;2;242;239;211m▀[38;2;90;90;91m[48;2;241;239;211m▀[38;2;81;82;84m[48;2;241;239;211m▀[38;2;72;73;77m[48;2;89;89;90m▀[38;2;62;64;70m[48;2;79;80;83m▀[38;2;52;54;62m[48;2;69;70;75m▀[38;2;41;44;54m[48;2;58;60;67m▀[38;2;30;33;46m[48;2;47;49;59m▀[38;2;18;22;37m[48;2;36;38;50m▀[38;2;8;12;29m[48;2;24;26;41m▀[38;2;8;12;29m[48;2;12;15;32m▀[38;2;8;12;29m[48;2;9;12;30m▀[38;2;215;220;235m[48;2;9;12;30m▀[38;2;8;12;29m[48;2;9;12;30m▀[38;2;8;12;29m[48;2;9;12;30m▀[0m
[38;2;38;41;53m[48;2;50;53;62m▀[38;2;50;52;62m[48;2;62;64;71m▀[38;2;61;63;70m[48;2;74;75;80m▀[38;2;72;74;79m[48;2;85;86;88m▀[38;2;83;84;87m[48;2;240;238;211m▀[38;2;93;94;94m[48;2;241;239;211m▀[38;2;241;239;211m[48;2;242;239;211m▀[38;2;242;239;211m[48;2;242;240;211m▀[38;2;242;239;211m[48;2;243;240;211m▀[38;2;243;240;211m[48;2;14;17;33m▀[38;2;243;240;211m[48;2;14;17;33m▀[38;2;244;240;211m[48;2;14;17;33m▀[38;2;244;241;211m[48;2;14;17;33m▀[38;2;14;17;33m[48;2;14;17;33m▀[38;2;14;17;33m[48;2;14;17;33m▀[38;2;14;17;33m[48;2;14;17;33m▀[38;2;14;17;33m[48;2;14;17;33m▀[38;2;14;17;33m[48;2;14;17;33m▀[38;2;14;17;33m[48;2;14;17;33m▀[38;2;14;17;33m[48;2;14;17;33m▀[38;2;14;17;33m[48;2;14;17;33m▀[38;2;247;242;212m[48;2;14;17;33m▀[38;2;247;243;212m[48;2;248;243;212m▀[38;2;14;17;33m[48;2;14;17;33m▀[38;2;14;17;33m[48;2;14;17;33m▀[38;2;14;17;33m[48;2;14;17;33m▀[38;2;14;17;33m[48;2;14;17;33m▀[38;2;14;17;33m[48;2;14;17;33m▀[38;2;14;17;33m[48;2;14;17;33m▀[38;2;14;17;33m[48;2;14;17;33m▀[38;2;14;17;33m[48;2;14;17;33m▀[38;2;14;17;33m[48;2;14;17;33m▀[38;2;247;243;212m[48;2;248;243;212m▀[38;2;247;242;212m[48;2;14;17;33m▀[38;2;14;17;33m[48;2;14;17;33m▀[38;2;14;17;33m[48;2;14;17;33m▀[38;2;14;17;33m[48;2;14;17;33m▀[38;2;14;17;33m[48;2;14;17;33m▀[38;2;14;17;33m[48;2;14;17;33m▀[38;2;14;17;33m[48;2;14;17;33m▀[38;2;14;17;33m[48;2;14;17;33m▀[38;2;14;17;33m[48;2;14;17;33m▀[38;2;244;241;211m[48;2;14;17;33m▀[38;2;244;240;211m[48;2;14;17;33m▀[38;2;243;240;211m[48;2;14;17;33m▀[38;2;243;240;211m[48;2;14;17;33m▀[38;2;242;239;211m[48;2;243;240;211m▀[38;2;242;239;211m[48;2;242;240;211m▀[38;2;241;239;211m[48;2;242;239;211m▀[38;2;93;94;94m[48;2;241;239;211m▀[38;2;83;84;87m[48;2;240;238;211m▀[38;2;72;74;79m[48;2;85;86;88m▀[38;2;61;63;70m[48;2;74;75;80m▀[38;2;50;52;62m[48;2;62;64;71m▀[38;2;38;41;53m[48;2;50;53;62m▀[38;2;26;29;44m[48;2;38;41;53m▀[38;2;13;17;34m[48;2;25;29;43m▀[38;2;9;13;31m[48;2;12;16;34m▀[38;2;9;13;31m[48;2;10;14;32m▀[38;2;9;13;31m[48;2;10;14;32m▀[0m
[38;2;59;61;71m[48;2;66;68;76m▀[38;2;71;73;79m[48;2;78;79;85m▀[38;2;83;84;88m[48;2;90;90;93m▀[38;2;94;94;96m[48;2;241;239;211m▀[38;2;241;239;211m[48;2;241;239;211m▀[38;2;242;239;211m[48;2;242;239;211m▀[38;2;242;240;211m[48;2;14;17;33m▀[38;2;14;17;33m[48;2;14;17;33m▀[38;2;14;17;33m[48;2;14;17;33m▀[38;2;14;17;33m[48;2;14;17;33m▀[38;2;14;17;33m[48;2;14;17;33m▀[38;2;14;17;33m[48;2;14;17;33m▀[38;2;14;17;33m[48;2;14;17;33m▀[38;2;14;17;33m[48;2;14;17;33m▀[38;2;14;17;33m[48;2;14;17;33m▀[38;2;14;17;33m[48;2;14;17;33m▀[38;2;14;17;33m[48;2;14;17;33m▀[38;2;14;17;33m[48;2;14;17;33m▀[38;2;14;17;33m[48;2;14;17;33m▀[38;2;14;17;33m[48;2;14;17;33m▀[38;2;14;17;33m[48;2;14;17;33m▀[38;2;14;17;33m[48;2;14;17;33m▀[38;2;14;17;33m[48;2;14;17;33m▀[38;2;14;17;33m[48;2;14;17;33m▀[38;2;14;17;33m[48;2;14;17;33m▀[38;2;14;17;33m[48;2;14;17;33m▀[38;2;14;17;33m[48;2;14;17;33m▀[38;2;14;17;33m[48;2;14;17;33m▀[38;2;14;17;33m[48;2;14;17;33m▀[38;2;14;17;33m[48;2;14;17;33m▀[38;2;14;17;33m[48;2;14;17;33m▀[38;2;14;17;33m[48;2;14;17;33m▀[38;2;14;17;33m[48;2;14;17;33m▀[38;2;14;17;33m[48;2;14;17;33m▀[38;2;14;17;33m[48;2;14;17;33m▀[38;2;14;17;33m[48;2;14;17;33m▀[38;2;14;17;33m[48;2;14;17;33m▀[38;2;14;17;33m[48;2;14;17;33m▀[38;2;14;17;33m[48;2;14;17;33m▀[38;2;14;17;33m[48;2;14;17;33m▀[38;2;14;17;33m[48;2;14;17;33m▀[38;2;14;17;33m[48;2;14;17;33m▀[38;2;14;17;33m[48;2;14;17;33m▀[38;2;14;17;33m[48;2;14;17;33m▀[38;2;14;17;33m[48;2;14;17;33m▀[38;2;14;17;33m[48;2;14;17;33m▀[38;2;14;17;33m[48;2;14;17;33m▀[38;2;14;17;33m[48;2;14;17;33m▀[38;2;242;240;211m[48;2;14;17;33m▀[38;2;242;239;211m[48;2;242;239;211m▀[38;2;241;239;211m[48;2;241;239;211m▀[38;2;94;94;96m[48;2;241;239;211m▀[38;2;83;84;88m[48;2;90;90;93m▀[38;2;71;73;79m[48;2;78;79;85m▀[38;2;59;61;71m[48;2;66;68;76m▀[38;2;47;49;61m[48;2;54;56;67m▀[38;2;34;37;52m[48;2;41;44;58m▀[38;2;21;25;42m[48;2;28;32;48m▀[38;2;10;14;34m[48;2;15;18;38m▀[38;2;10;14;34m[48;2;11;15;35m▀[0m
[38;2;71;72;80m[48;2;72;74;81m▀[38;2;83;84;88m[48;2;84;85;90m▀[38;2;94;95;97m[48;2;240;238;211m▀[38;2;241;239;211m[48;2;241;239;211m▀[38;2;242;239;211m[48;2;242;239;211m▀[38;2;14;17;33m[48;2;242;240;211m▀[38;2;14;17;33m[48;2;14;17;33m▀[38;2;14;17;33m[48;2;14;17;33m▀[38;2;14;17;33m[48;2;14;17;33m▀[38;2;14;17;33m[48;2;14;17;33m▀[38;2;14;17;33m[48;2;14;17;33m▀[38;2;14;17;33m[48;2;14;17;33m▀[38;2;14;17;33m[48;2;14;17;33m▀[38;2;14;17;33m[48;2;14;17;33m▀[38;2;14;17;33m[48;2;14;17;33m▀[38;2;14;17;33m[48;2;14;17;33m▀[38;2;14;17;33m[48;2;14;17;33m▀[38;2;14;17;33m[48;2;14;17;33m▀[38;2;14;17;33m[48;2;14;17;33m▀[38;2;14;17;33m[48;2;14;17;33m▀[38;2;14;17;33m[48;2;14;17;33m▀[38;2;14;17;33m[48;2;14;17;33m▀[38;2;14;17;33m[48;2;14;17;33m▀[38;2;14;17;33m[48;2;14;17;33m▀[38;2;14;17;33m[48;2;14;17;33m▀[38;2;14;17;33m[48;2;14;17;33m▀[38;2;14;17;33m[48;2;14;17;33m▀[38;2;14;17;33m[48;2;14;17;33m▀[38;2;14;17;33m[48;2;14;17;33m▀[38;2;14;17;33m[48;2;14;17;33m▀[38;2;14;17;33m[48;2;14;17;33m▀[38;2;14;17;33m[48;2;14;17;33m▀[38;2;14;17;33m[48;2;14;17;33m▀[38;2;14;17;33m[48;2;14;17;33m▀[38;2;14;17;33m[48;2;14;17;33m▀[38;2;14;17;33m[48;2;14;17;33m▀[38;2;14;17;33m[48;2;14;17;33m▀[38;2;14;17;33m[48;2;14;17;33m▀[38;2;14;17;33m[48;2;14;17;33m▀[38;2;14;17;33m[48;2;14;17;33m▀[38;2;14;17;33m[48;2;14;17;33m▀[38;2;14;17;33m[48;2;14;17;33m▀[38;2;14;17;33m[48;2;14;17;33m▀[38;2;14;17;33m[48;2;14;17;33m▀[38;2;14;17;33m[48;2;14;17;33m▀[38;2;14;17;33m[48;2;14;17;33m▀[38;2;14;17;33m[48;2;14;17;33m▀[38;2;14;17;33m[48;2;14;17;33m▀[38;2;14;17;33m[48;2;14;17;33m▀[38;2;14;17;33m[48;2;242;240;211m▀[38;2;242;239;211m[48;2;242;239;211m▀[38;2;241;239;211m[48;2;241;239;211m▀[38;2;94;95;97m[48;2;240;238;211m▀[38;2;83;84;88m[48;2;84;85;90m▀[38;2;71;72;80m[48;2;72;74;81m▀[38;2;59;61;71m[48;2;60;62;72m▀[38;2;46;49;61m[48;2;47;50;63m▀[38;2;33;36;51m[48;2;34;37;53m▀[38;2;19;23;41m[48;2;21;24;43m▀[38;2;12;16;36m[48;2;12;16;37m▀[0m
[38;2;72;73;82m[48;2;68;70;80m▀[38;2;83;84;90m[48;2;80;82;88m▀[38;2;95;95;99m[48;2;91;92;97m▀[38;2;241;239;211m[48;2;241;239;211m▀[38;2;242;239;211m[48;2;241;239;211m▀[38;2;242;240;211m[48;2;242;239;211m▀[38;2;243;240;211m[48;2;243;240;211m▀[38;2;244;240;211m[48;2;243;240;211m▀[38;2;244;241;211m[48;2;244;241;211m▀[38;2;245;241;211m[48;2;245;241;211m▀[38;2;14;17;33m[48;2;245;241;211m▀[38;2;14;17;33m[48;2;246;242;211m▀[38;2;14;17;33m[48;2;14;17;33m▀[38;2;14;17;33m[48;2;14;17;33m▀[38;2;14;17;33m[48;2;14;17;33m▀[38;2;14;17;33m[48;2;14;17;33m▀[38;2;14;17;33m[48;2;14;17;33m▀[38;2;14;17;33m[48;2;14;17;33m▀[38;2;14;17;33m[48;2;14;17;33m▀[38;2;14;17;33m[48;2;14;17;33m▀[38;2;14;17;33m[48;2;14;17;33m▀[38;2;14;17;33m[48;2;14;17;33m▀[38;2;14;17;33m[48;2;14;17;33m▀[38;2;14;17;33m[48;2;14;17;33m▀[38;2;14;17;33m[48;2;14;17;33m▀[38;2;14;17;33m[48;2;14;17;33m▀[38;2;14;17;33m[48;2;14;17;33m▀[38;2;14;17;33m[48;2;14;17;33m▀[38;2;14;17;33m[48;2;14;17;33m▀[38;2;14;17;33m[48;2;14;17;33m▀[38;2;14;17;33m[48;2;14;17;33m▀[38;2;14;17;33m[48;2;14;17;33m▀[38;2;14;17;33m[48;2;14;17;33m▀[38;2;14;17;33m[48;2;14;17;33m▀[38;2;14;17;33m[48;2;14;17;33m▀[38;2;14;17;33m[48;2;14;17;33m▀[38;2;14;17;33m[48;2;14;17;33m▀[38;2;14;17;33m[48;2;14;17;33m▀[38;2;14;17;33m[48;2;14;17;33m▀[38;2;14;17;33m[48;2;14;17;33m▀[38;2;14;17;33m[48;2;14;17;33m▀[38;2;14;17;33m[48;2;14;17;33m▀[38;2;14;17;33m[48;2;14;17;33m▀[38;2;14;17;33m[48;2;246;242;211m▀[38;2;14;17;33m[48;2;245;241;211m▀[38;2;245;241;211m[48;2;245;241;211m▀[38;2;244;241;211m[48;2;244;241;211m▀[38;2;244;240;211m[48;2;243;240;211m▀[38;2;243;240;211m[48;2;243;240;211m▀[38;2;242;240;211m[48;2;242;239;211m▀[38;2;242;239;211m[48;2;241;239;211m▀[38;2;241;239;211m[48;2;241;239;211m▀[38;2;95;95;99m[48;2;91;92;97m▀[38;2;83;84;90m[48;2;80;82;88m▀[38;2;72;73;82m[48;2;68;70;80m▀[38;2;60;62;73m[48;2;56;59;71m▀[38;2;47;49;64m[48;2;43;47;62m▀[38;2;34;37;54m[48;2;30;34;52m▀[38;2;20;24;44m[48;2;17;21;43m▀[38;2;13;17;39m[48;2;13;18;40m▀[0m
[38;2;62;64;76m[48;2;54;57;71m▀[38;2;74;76;85m[48;2;65;68;79m▀[38;2;85;86;93m[48;2;77;79;87m▀[38;2;96;97;101m[48;2;87;89;95m▀[38;2;241;239;211m[48;2;240;238;211m▀[38;2;242;239;211m[48;2;241;239;211m▀[38;2;242;240;211m[48;2;242;239;211m▀[38;2;243;240;211m[48;2;242;240;211m▀[38;2;244;240;211m[48;2;243;240;211m▀[38;2;244;241;211m[48;2;243;240;211m▀[38;2;245;241;211m[48;2;244;241;211m▀[38;2;245;241;211m[48;2;245;241;211m▀[38;2;246;242;211m[48;2;245;241;211m▀[38;2;14;17;33m[48;2;246;241;211m▀[38;2;14;17;33m[48;2;14;17;33m▀[38;2;14;17;33m[48;2;14;17;33m▀[38;2;14;17;33m[48;2;247;242;212m▀[38;2;248;243;212m[48;2;247;242;212m▀[38;2;14;17;33m[48;2;247;242;212m▀[38;2;14;17;33m[48;2;14;17;33m▀[38;2;14;17;33m[48;2;14;17;33m▀[38;2;14;17;33m[48;2;14;17;33m▀[38;2;14;17;33m[48;2;14;17;33m▀[38;2;14;17;33m[48;2;248;243;212m▀[38;2;14;17;33m[48;2;248;243;212m▀[38;2;14;17;33m[48;2;14;17;33m▀[38;2;14;17;33m[48;2;14;17;33m▀[38;2;14;17;33m[48;2;14;17;33m▀[38;2;14;17;33m[48;2;14;17;33m▀[38;2;14;17;33m[48;2;14;17;33m▀[38;2;14;17;33m[48;2;248;243;212m▀[38;2;14;17;33m[48;2;248;243;212m▀[38;2;14;17;33m[48;2;14;17;33m▀[38;2;14;17;33m[48;2;14;17;33m▀[38;2;14;17;33m[48;2;14;17;33m▀[38;2;14;17;33m[48;2;14;17;33m▀[38;2;14;17;33m[48;2;247;242;212m▀[38;2;248;243;212m[48;2;247;242;212m▀[38;2;14;17;33m[48;2;247;242;212m▀[38;2;14;17;33m[48;2;14;17;33m▀[38;2;14;17;33m[48;2;14;17;33m▀[38;2;14;17;33m[48;2;246;241;211m▀[38;2;246;242;211m[48;2;245;241;211m▀[38;2;245;241;211m[48;2;245;241;211m▀[38;2;245;241;211m[48;2;244;241;211m▀[38;2;244;241;211m[48;2;243;240;211m▀[38;2;244;240;211m[48;2;243;240;211m▀[38;2;243;240;211m[48;2;242;240;211m▀[38;2;242;240;211m[48;2;242;239;211m▀[38;2;242;239;211m[48;2;241;239;211m▀[38;2;241;239;211m[48;2;240;238;211m▀[38;2;96;97;101m[48;2;87;89;95m▀[38;2;85;86;93m[48;2;77;79;87m▀[38;2;74;76;85m[48;2;65;68;79m▀[38;2;62;64;76m[48;2;54;57;71m▀[38;2;50;53;67m[48;2;42;45;62m▀[38;2;38;41;58m[48;2;29;33;53m▀[38;2;25;28;49m[48;2;16;21;43m▀[38;2;14;18;41m[48;2;14;19;42m▀[38;2;14;18;41m[48;2;14;19;42m▀[0m
[38;2;43;47;63m[48;2;30;34;55m▀[38;2;55;58;72m[48;2;41;45;64m▀[38;2;66;69;80m[48;2;52;56;72m▀[38;2;77;79;88m[48;2;63;66;79m▀[38;2;87;89;95m[48;2;74;76;87m▀[38;2;97;98;102m[48;2;83;85;94m▀[38;2;241;239;211m[48;2;93;94;100m▀[38;2;242;239;211m[48;2;241;239;211m▀[38;2;242;239;211m[48;2;241;239;211m▀[38;2;243;240;211m[48;2;242;239;211m▀[38;2;243;240;211m[48;2;242;240;211m▀[38;2;244;240;211m[48;2;243;240;211m▀[38;2;244;241;211m[48;2;243;240;211m▀[38;2;245;241;211m[48;2;244;240;211m▀[38;2;245;241;211m[48;2;244;241;211m▀[38;2;246;241;211m[48;2;245;241;211m▀[38;2;246;242;211m[48;2;245;241;211m▀[38;2;246;242;211m[48;2;245;241;211m▀[38;2;247;242;212m[48;2;246;241;211m▀[38;2;247;242;212m[48;2;246;242;211m▀[38;2;14;17;33m[48;2;246;242;211m▀[38;2;14;17;33m[48;2;246;242;211m▀[38;2;247;243;212m[48;2;246;242;211m▀[38;2;248;243;212m[48;2;247;242;212m▀[38;2;248;243;212m[48;2;247;242;212m▀[38;2;248;243;212m[48;2;247;242;212m▀[38;2;14;17;33m[48;2;247;242;212m▀[38;2;14;17;33m[48;2;14;17;33m▀[38;2;14;17;33m[48;2;247;242;212m▀[38;2;248;243;212m[48;2;247;242;212m▀[38;2;248;243;212m[48;2;247;242;212m▀[38;2;248;243;212m[48;2;247;242;212m▀[38;2;247;243;212m[48;2;246;242;211m▀[38;2;14;17;33m[48;2;246;242;211m▀[38;2;14;17;33m[48;2;246;242;211m▀[38;2;247;242;212m[48;2;246;242;211m▀[38;2;247;242;212m[48;2;246;241;211m▀[38;2;246;242;211m[48;2;245;241;211m▀[38;2;246;242;211m[48;2;245;241;211m▀[38;2;246;241;211m[48;2;245;241;211m▀[38;2;245;241;211m[48;2;244;241;211m▀[38;2;245;241;211m[48;2;244;240;211m▀[38;2;244;241;211m[48;2;243;240;211m▀[38;2;244;240;211m[48;2;243;240;211m▀[38;2;243;240;211m[48;2;242;240;211m▀[38;2;243;240;211m[48;2;242;239;211m▀[38;2;242;239;211m[48;2;241;239;211m▀[38;2;242;239;211m[48;2;241;239;211m▀[38;2;241;239;211m[48;2;129;130;128m▀[38;2;132;133;130m[48;2;122;123;123m▀[38;2;125;126;125m[48;2;114;116;118m▀[38;2;77;79;88m[48;2;63;66;79m▀[38;2;66;69;80m[48;2;52;56;72m▀[38;2;55;58;72m[48;2;41;45;64m▀[38;2;43;47;63m[48;2;30;34;55m▀[38;2;31;36;55m[48;2;18;22;47m▀[38;2;19;24;46m[48;2;15;20;45m▀[38;2;15;20;43m[48;2;15;20;45m▀[38;2;15;20;43m[48;2;15;20;45m▀[38;2;15;20;43m[48;2;15;20;45m▀[0m
[38;2;16;21;46m[48;2;17;22;47m▀[38;2;26;31;53m[48;2;17;22;47m▀[38;2;37;41;61m[48;2;20;25;49m▀[38;2;48;51;69m[48;2;30;35;56m▀[38;2;58;61;76m[48;2;41;44;64m▀[38;2;68;71;83m[48;2;50;54;71m▀[38;2;77;80;90m[48;2;60;63;77m▀[38;2;86;88;96m[48;2;69;71;84m▀[38;2;95;96;102m[48;2;77;79;90m▀[38;2;241;239;211m[48;2;85;87;95m▀[38;2;241;239;211m[48;2;93;94;101m▀[38;2;242;239;211m[48;2;240;238;211m▀[38;2;242;239;211m[48;2;241;239;211m▀[38;2;243;240;211m[48;2;241;239;211m▀[38;2;243;240;211m[48;2;242;239;211m▀[38;2;243;240;211m[48;2;242;239;211m▀[38;2;244;240;211m[48;2;242;240;211m▀[38;2;244;241;211m[48;2;243;240;211m▀[38;2;244;241;211m[48;2;243;240;211m▀[38;2;245;241;211m[48;2;243;240;211m▀[38;2;245;241;211m[48;2;244;240;211m▀[38;2;245;241;211m[48;2;244;240;211m▀[38;2;245;241;211m[48;2;244;241;211m▀[38;2;245;241;211m[48;2;244;241;211m▀[38;2;246;241;211m[48;2;244;241;211m▀[38;2;246;241;211m[48;2;244;241;211m▀[38;2;246;242;211m[48;2;244;241;211m▀[38;2;246;242;211m[48;2;244;241;211m▀[38;2;246;242;211m[48;2;244;241;211m▀[38;2;246;241;211m[48;2;244;241;211m▀[38;2;246;241;211m[48;2;244;241;211m▀[38;2;245;241;211m[48;2;244;241;211m▀[38;2;245;241;211m[48;2;244;241;211m▀[38;2;245;241;211m[48;2;244;240;211m▀[38;2;245;241;211m[48;2;244;240;211m▀[38;2;245;241;211m[48;2;243;240;211m▀[38;2;244;241;211m[48;2;243;240;211m▀[38;2;244;241;211m[48;2;243;240;211m▀[38;2;244;240;211m[48;2;242;240;211m▀[38;2;243;240;211m[48;2;242;239;211m▀[38;2;243;240;211m[48;2;242;239;211m▀[38;2;243;240;211m[48;2;241;239;211m▀[38;2;242;239;211m[48;2;241;239;211m▀[38;2;242;239;211m[48;2;240;238;211m▀[38;2;241;239;211m[48;2;148;149;144m▀[38;2;241;239;211m[48;2;143;145;141m▀[38;2;131;132;130m[48;2;138;140;137m▀[38;2;124;126;125m[48;2;110;113;116m▀[38;2;117;119;121m[48;2;103;107;112m▀[38;2;110;113;116m[48;2;96;100;107m▀[38;2;102;105;110m[48;2;88;93;101m▀[38;2;48;51;69m[48;2;30;35;56m▀[38;2;37;41;61m[48;2;20;25;49m▀[38;2;26;31;53m[48;2;17;22;47m▀[38;2;16;21;46m[48;2;17;22;47m▀[38;2;16;21;46m[48;2;17;22;47m▀[38;2;16;21;46m[48;2;17;22;47m▀[38;2;16;21;46m[48;2;17;22;47m▀[38;2;16;21;46m[48;2;17;22;47m▀[38;2;16;21;46m[48;2;17;22;47m▀[0m
[38;2;17;22;48m[48;2;18;23;49m▀[38;2;215;220;235m[48;2;18;23;49m▀[38;2;17;22;48m[48;2;18;23;49m▀[38;2;17;22;48m[48;2;18;23;49m▀[38;2;20;24;50m[48;2;18;23;49m▀[38;2;29;34;57m[48;2;18;23;49m▀[38;2;39;43;63m[48;2;18;23;49m▀[38;2;48;51;70m[48;2;25;30;54m▀[38;2;56;59;76m[48;2;34;38;60m▀[38;2;64;67;81m[48;2;42;46;66m▀[38;2;72;74;87m[48;2;49;53;71m▀[38;2;79;81;92m[48;2;56;60;76m▀[38;2;86;87;96m[48;2;63;66;81m▀[38;2;92;93;101m[48;2;69;72;85m▀[38;2;98;99;105m[48;2;75;77;89m▀[38;2;241;239;211m[48;2;81;83;93m▀[38;2;241;239;211m[48;2;86;87;96m▀[38;2;241;239;211m[48;2;90;92;100m▀[38;2;242;239;211m[48;2;94;96;103m▀[38;2;242;239;211m[48;2;98;99;105m▀[38;2;242;239;211m[48;2;240;238;211m▀[38;2;242;240;211m[48;2;241;239;211m▀[38;2;242;240;211m[48;2;241;239;211m▀[38;2;243;240;211m[48;2;241;239;211m▀[38;2;243;240;211m[48;2;241;239;211m▀[38;2;243;240;211m[48;2;241;239;211m▀[38;2;243;240;211m[48;2;241;239;211m▀[38;2;243;240;211m[48;2;241;239;211m▀[38;2;243;240;211m[48;2;241;239;211m▀[38;2;243;240;211m[48;2;241;239;211m▀[38;2;243;240;211m[48;2;241;239;211m▀[38;2;243;240;211m[48;2;241;239;211m▀[38;2;242;240;211m[48;2;241;239;211m▀[38;2;242;240;211m[48;2;241;239;211m▀[38;2;242;239;211m[48;2;240;238;211m▀[38;2;242;239;211m[48;2;152;153;147m▀[38;2;242;239;211m[48;2;149;151;146m▀[38;2;241;239;211m[48;2;147;148;144m▀[38;2;241;239;211m[48;2;144;145;142m▀[38;2;241;239;211m[48;2;140;143;140m▀[38;2;151;153;147m[48;2;137;139;137m▀[38;2;148;149;144m[48;2;133;136;135m▀[38;2;144;145;141m[48;2;129;132;132m▀[38;2;139;141;139m[48;2;125;128;129m▀[38;2;134;137;136m[48;2;120;124;126m▀[38;2;130;132;132m[48;2;115;119;123m▀[38;2;124;127;129m[48;2;110;114;120m▀[38;2;119;122;125m[48;2;105;109;116m▀[38;2;113;117;121m[48;2;100;105;113m▀[38;2;80;85;96m[48;2;100;105;113m▀[38;2;72;78;91m[48;2;71;76;90m▀[38;2;17;22;48m[48;2;18;23;49m▀[38;2;17;22;48m[48;2;18;23;49m▀[38;2;17;22;48m[48;2;18;23;49m▀[38;2;17;22;48m[48;2;18;23;49m▀[38;2;17;22;48m[48;2;18;23;49m▀[38;2;17;22;48m[48;2;18;23;49m▀[38;2;17;22;48m[48;2;18;23;49m▀[38;2;17;22;48m[48;2;18;23;49m▀[38;2;17;22;48m[48;2;18;23;49m▀[0m
[38;2;18;24;51m[48;2;19;25;52m▀[38;2;18;24;51m[48;2;19;25;52m▀[38;2;18;24;51m[48;2;19;25;52m▀[38;2;18;24;51m[48;2;19;25;52m▀[38;2;18;24;51m[48;2;19;25;52m▀[38;2;18;24;51m[48;2;19;25;52m▀[38;2;18;24;51m[48;2;19;25;52m▀[38;2;18;24;51m[48;2;19;25;52m▀[38;2;18;24;51m[48;2;19;25;52m▀[38;2;18;24;51m[48;2;19;25;52m▀[38;2;23;29;55m[48;2;19;25;52m▀[38;2;31;36;60m[48;2;19;25;52m▀[38;2;37;42;64m[48;2;19;25;52m▀[38;2;44;48;69m[48;2;19;25;52m▀[38;2;49;54;73m[48;2;22;28;54m▀[38;2;55;59;77m[48;2;28;33;58m▀[38;2;60;64;80m[48;2;33;38;61m▀[38;2;64;68;83m[48;2;37;42;64m▀[38;2;68;72;86m[48;2;41;46;67m▀[38;2;72;75;89m[48;2;45;49;70m▀[38;2;75;78;91m[48;2;48;53;72m▀[38;2;78;81;93m[48;2;51;55;74m▀[38;2;81;83;94m[48;2;53;57;76m▀[38;2;83;85;96m[48;2;55;59;77m▀[38;2;84;87;97m[48;2;57;61;78m▀[38;2;85;88;98m[48;2;58;62;79m▀[38;2;86;88;98m[48;2;58;62;79m▀[38;2;86;88;98m[48;2;59;63;79m▀[38;2;86;88;98m[48;2;58;62;79m▀[38;2;85;88;98m[48;2;58;62;79m▀[38;2;84;87;97m[48;2;57;61;78m▀[38;2;121;123;125m[48;2;55;59;77m▀[38;2;119;122;124m[48;2;53;57;76m▀[38;2;117;120;123m[48;2;51;55;74m▀[38;2;137;140;138m[48;2;94;99;108m▀[38;2;135;138;137m[48;2;92;97;106m▀[38;2;133;136;135m[48;2;114;119;123m▀[38;2;130;134;134m[48;2;112;117;122m▀[38;2;127;131;132m[48;2;109;114;120m▀[38;2;124;128;130m[48;2;106;111;118m▀[38;2;120;125;127m[48;2;102;108;115m▀[38;2;117;121;125m[48;2;100;106;114m▀[38;2;112;117;122m[48;2;100;106;114m▀[38;2;108;113;119m[48;2;100;106;114m▀[38;2;104;109;116m[48;2;100;106;114m▀[38;2;100;106;114m[48;2;100;106;114m▀[38;2;100;106;114m[48;2;100;106;114m▀[38;2;100;106;114m[48;2;100;106;114m▀[38;2;100;106;114m[48;2;100;106;114m▀[38;2;100;106;114m[48;2;100;106;114m▀[38;2;100;106;114m[48;2;100;106;114m▀[38;2;18;24;51m[48;2;100;106;114m▀[38;2;18;24;51m[48;2;19;25;52m▀[38;2;18;24;51m[48;2;19;25;52m▀[38;2;18;24;51m[48;2;19;25;52m▀[38;2;18;24;51m[48;2;19;25;52m▀[38;2;18;24;51m[48;2;19;25;52m▀[38;2;18;24;51m[48;2;19;25;52m▀[38;2;215;220;235m[48;2;19;25;52m▀[38;2;18;24;51m[48;2;19;25;52m▀[0m
[38;2;19;25;53m[48;2;20;26;54m▀[38;2;19;25;53m[48;2;20;26;54m▀[38;2;19;25;53m[48;2;20;26;54m▀[38;2;19;25;53m[48;2;20;26;54m▀[38;2;19;25;53m[48;2;20;26;54m▀[38;2;19;25;53m[48;2;20;26;54m▀[38;2;19;25;53m[48;2;20;26;54m▀[38;2;215;220;235m[48;2;20;26;54m▀[38;2;19;25;53m[48;2;20;26;54m▀[38;2;19;25;53m[48;2;20;26;54m▀[38;2;19;25;53m[48;2;20;26;54m▀[38;2;19;25;53m[48;2;20;26;54m▀[38;2;19;25;53m[48;2;20;26;54m▀[38;2;19;25;53m[48;2;20;26;54m▀[38;2;19;25;53m[48;2;20;26;54m▀[38;2;19;25;53m[48;2;20;26;54m▀[38;2;19;25;53m[48;2;20;26;54m▀[38;2;19;25;53m[48;2;20;26;54m▀[38;2;19;25;53m[48;2;20;26;54m▀[38;2;19;25;53m[48;2;20;26;54m▀[38;2;19;25;53m[48;2;20;26;54m▀[38;2;20;26;54m[48;2;20;26;54m▀[38;2;23;28;56m[48;2;20;26;54m▀[38;2;25;30;57m[48;2;20;26;54m▀[38;2;26;32;58m[48;2;20;26;54m▀[38;2;27;33;59m[48;2;20;26;54m▀[38;2;28;33;59m[48;2;20;26;54m▀[38;2;28;34;59m[48;2;20;26;54m▀[38;2;28;33;59m[48;2;20;26;54m▀[38;2;27;33;59m[48;2;20;26;54m▀[38;2;26;32;58m[48;2;20;26;54m▀[38;2;25;30;57m[48;2;20;26;54m▀[38;2;23;28;56m[48;2;20;26;54m▀[38;2;20;26;54m[48;2;20;26;54m▀[38;2;19;25;53m[48;2;20;26;54m▀[38;2;19;25;53m[48;2;20;26;54m▀[38;2;19;25;53m[48;2;20;26;54m▀[38;2;100;106;115m[48;2;20;26;54m▀[38;2;100;106;115m[48;2;20;26;54m▀[38;2;100;106;115m[48;2;20;26;54m▀[38;2;100;106;115m[48;2;101;107;116m▀[38;2;100;106;115m[48;2;101;107;116m▀[38;2;100;106;115m[48;2;101;107;116m▀[38;2;100;106;115m[48;2;101;107;116m▀[38;2;100;106;115m[48;2;101;107;116m▀[38;2;100;106;115m[48;2;101;107;116m▀[38;2;100;106;115m[48;2;101;107;116m▀[38;2;100;106;115m[48;2;101;107;116m▀[38;2;100;106;115m[48;2;101;107;116m▀[38;2;100;106;115m[48;2;101;107;116m▀[38;2;100;106;115m[48;2;101;107;116m▀[38;2;100;106;115m[48;2;101;107;116m▀[38;2;19;25;53m[48;2;20;26;54m▀[38;2;19;25;53m[48;2;20;26;54m▀[38;2;19;25;53m[48;2;20;26;54m▀[38;2;19;25;53m[48;2;20;26;54m▀[38;2;19;25;53m[48;2;20;26;54m▀[38;2;19;25;53m[48;2;20;26;54m▀[38;2;19;25;53m[48;2;20;26;54m▀[38;2;19;25;53m[48;2;20;26;54m▀[0m
[38;2;21;27;55m[48;2;21;27;57m▀[38;2;21;27;55m[48;2;21;27;57m▀[38;2;21;27;55m[48;2;21;27;57m▀[38;2;21;27;55m[48;2;21;27;57m▀[38;2;21;27;55m[48;2;21;27;57m▀[38;2;21;27;55m[48;2;21;27;57m▀[38;2;21;27;55m[48;2;21;27;57m▀[38;2;21;27;55m[48;2;21;27;57m▀[38;2;21;27;55m[48;2;21;27;57m▀[38;2;21;27;55m[48;2;21;27;57m▀[38;2;21;27;55m[48;2;21;27;57m▀[38;2;21;27;55m[48;2;21;27;57m▀[38;2;21;27;55m[48;2;21;27;57m▀[38;2;21;27;55m[48;2;21;27;57m▀[38;2;215;220;235m[48;2;21;27;57m▀[38;2;21;27;55m[48;2;21;27;57m▀[38;2;21;27;55m[48;2;21;27;57m▀[38;2;21;27;55m[48;2;21;27;57m▀[38;2;21;27;55m[48;2;21;27;57m▀[38;2;21;27;55m[48;2;21;27;57m▀[38;2;21;27;55m[48;2;21;27;57m▀[38;2;21;27;55m[48;2;21;27;57m▀[38;2;21;27;55m[48;2;21;27;57m▀[38;2;21;27;55m[48;2;21;27;57m▀[38;2;21;27;55m[48;2;21;27;57m▀[38;2;21;27;55m[48;2;21;27;57m▀[38;2;21;27;55m[48;2;21;27;57m▀[38;2;21;27;55m[48;2;21;27;57m▀[38;2;21;27;55m[48;2;21;27;57m▀[38;2;21;27;55m[48;2;21;27;57m▀[38;2;21;27;55m[48;2;21;27;57m▀[38;2;21;27;55m[48;2;21;27;57m▀[38;2;21;27;55m[48;2;21;27;57m▀[38;2;215;220;235m[48;2;21;27;57m▀[38;2;21;27;55m[48;2;21;27;57m▀[38;2;21;27;55m[48;2;21;27;57m▀[38;2;21;27;55m[48;2;21;27;57m▀[38;2;21;27;55m[48;2;21;27;57m▀[38;2;21;27;55m[48;2;21;27;57m▀[38;2;21;27;55m[48;2;21;27;57m▀[38;2;21;27;55m[48;2;21;27;57m▀[38;2;21;27;55m[48;2;21;27;57m▀[38;2;21;27;55m[48;2;21;27;57m▀[38;2;101;107;116m[48;2;21;27;57m▀[38;2;101;107;116m[48;2;21;27;57m▀[38;2;101;107;116m[48;2;21;27;57m▀[38;2;101;107;116m[48;2;101;107;117m▀[38;2;101;107;116m[48;2;101;107;117m▀[38;2;101;107;116m[48;2;101;107;117m▀[38;2;101;107;116m[48;2;101;107;117m▀[38;2;101;107;116m[48;2;101;107;117m▀[38;2;101;107;116m[48;2;101;107;117m▀[38;2;21;27;55m[48;2;255;252;235m▀[38;2;21;27;55m[48;2;21;27;57m▀[38;2;21;27;55m[48;2;21;27;57m▀[38;2;21;27;55m[48;2;21;27;57m▀[38;2;21;27;55m[48;2;21;27;57m▀[38;2;21;27;55m[48;2;21;27;57m▀[38;2;21;27;55m[48;2;21;27;57m▀[38;2;21;27;55m[48;2;21;27;57m▀[0m
[38;2;22;28;58m[48;2;22;29;59m▀[38;2;22;28;58m[48;2;22;29;59m▀[38;2;22;28;58m[48;2;22;29;59m▀[38;2;215;220;235m[48;2;22;29;59m▀[38;2;22;28;58m[48;2;22;29;59m▀[38;2;22;28;58m[48;2;22;29;59m▀[38;2;22;28;58m[48;2;22;29;59m▀[38;2;22;28;58m[48;2;22;29;59m▀[38;2;22;28;58m[48;2;22;29;59m▀[38;2;22;28;58m[48;2;22;29;59m▀[38;2;22;28;58m[48;2;22;29;59m▀[38;2;22;28;58m[48;2;22;29;59m▀[38;2;22;28;58m[48;2;22;29;59m▀[38;2;22;28;58m[48;2;22;29;59m▀[38;2;22;28;58m[48;2;22;29;59m▀[38;2;22;28;58m[48;2;22;29;59m▀[38;2;22;28;58m[48;2;22;29;59m▀[38;2;22;28;58m[48;2;22;29;59m▀[38;2;22;28;58m[48;2;22;29;59m▀[38;2;22;28;58m[48;2;22;29;59m▀[38;2;22;28;58m[48;2;22;29;59m▀[38;2;22;28;58m[48;2;22;29;59m▀[38;2;22;28;58m[48;2;22;29;59m▀[38;2;22;28;58m[48;2;22;29;59m▀[38;2;22;28;58m[48;2;22;29;59m▀[38;2;22;28;58m[48;2;22;29;59m▀[38;2;22;28;58m[48;2;22;29;59m▀[38;2;22;28;58m[48;2;22;29;59m▀[38;2;22;28;58m[48;2;22;29;59m▀[38;2;22;28;58m[48;2;22;29;59m▀[38;2;22;28;58m[48;2;22;29;59m▀[38;2;22;28;58m[48;2;22;29;59m▀[38;2;22;28;58m[48;2;22;29;59m▀[38;2;22;28;58m[48;2;22;29;59m▀[38;2;22;28;58m[48;2;22;29;59m▀[38;2;22;28;58m[48;2;22;29;59m▀[38;2;22;28;58m[48;2;22;29;59m▀[38;2;22;28;58m[48;2;22;29;59m▀[38;2;22;28;58m[48;2;22;29;59m▀[38;2;22;28;58m[48;2;22;29;59m▀[38;2;22;28;58m[48;2;22;29;59m▀[38;2;22;28;58m[48;2;22;29;59m▀[38;2;22;28;58m[48;2;22;29;59m▀[38;2;22;28;58m[48;2;22;29;59m▀[38;2;22;28;58m[48;2;22;29;59m▀[38;2;22;28;58m[48;2;22;29;59m▀[38;2;22;28;58m[48;2;22;29;59m▀[38;2;22;28;58m[48;2;4;6;16m▀[38;2;22;28;58m[48;2;4;6;16m▀[38;2;102;108;118m[48;2;4;6;16m▀[38;2;102;108;118m[48;2;4;6;16m▀[38;2;120;125;140m[48;2;4;6;16m▀[38;2;255;252;235m[48;2;4;6;16m▀[38;2;120;125;140m[48;2;4;6;16m▀[38;2;22;28;58m[48;2;4;6;16m▀[38;2;22;28;58m[48;2;4;6;16m▀[38;2;22;28;58m[48;2;4;6;16m▀[38;2;22;28;58m[48;2;22;29;59m▀[38;2;22;28;58m[48;2;22;29;59m▀[38;2;22;28;58m[48;2;22;29;59m▀[0m
[38;2;23;29;60m[48;2;23;30;61m▀[38;2;23;29;60m[48;2;23;30;61m▀[38;2;23;29;60m[48;2;23;30;61m▀[38;2;23;29;60m[48;2;23;30;61m▀[38;2;23;29;60m[48;2;23;30;61m▀[38;2;23;29;60m[48;2;23;30;61m▀[38;2;23;29;60m[48;2;23;30;61m▀[38;2;23;29;60m[48;2;23;30;61m▀[38;2;23;29;60m[48;2;23;30;61m▀[38;2;23;29;60m[48;2;23;30;61m▀[38;2;23;29;60m[48;2;23;30;61m▀[38;2;23;29;60m[48;2;23;30;61m▀[38;2;23;29;60m[48;2;23;30;61m▀[38;2;23;29;60m[48;2;23;30;61m▀[38;2;23;29;60m[48;2;23;30;61m▀[38;2;23;29;60m[48;2;23;30;61m▀[38;2;23;29;60m[48;2;23;30;61m▀[38;2;23;29;60m[48;2;23;30;61m▀[38;2;23;29;60m[48;2;23;30;61m▀[38;2;23;29;60m[48;2;23;30;61m▀[38;2;23;29;60m[48;2;23;30;61m▀[38;2;23;29;60m[48;2;23;30;61m▀[38;2;23;29;60m[48;2;23;30;61m▀[38;2;23;29;60m[48;2;23;30;61m▀[38;2;23;29;60m[48;2;23;30;61m▀[38;2;23;29;60m[48;2;23;30;61m▀[38;2;23;29;60m[48;2;4;6;16m▀[38;2;23;29;60m[48;2;4;6;16m▀[38;2;23;29;60m[48;2;4;6;16m▀[38;2;23;29;60m[48;2;4;6;16m▀[38;2;23;29;60m[48;2;4;6;16m▀[38;2;23;29;60m[48;2;4;6;16m▀[38;2;23;29;60m[48;2;23;30;61m▀[38;2;23;29;60m[48;2;23;30;61m▀[38;2;23;29;60m[48;2;23;30;61m▀[38;2;23;29;60m[48;2;23;30;61m▀[38;2;23;29;60m[48;2;23;30;61m▀[38;2;23;29;60m[48;2;23;30;61m▀[38;2;23;29;60m[48;2;23;30;61m▀[38;2;23;29;60m[48;2;23;30;61m▀[38;2;23;29;60m[48;2;23;30;61m▀[38;2;23;29;60m[48;2;23;30;61m▀[38;2;23;29;60m[48;2;23;30;61m▀[38;2;23;29;60m[48;2;23;30;61m▀[38;2;23;29;60m[48;2;23;30;61m▀[38;2;23;29;60m[48;2;23;30;61m▀[38;2;23;29;60m[48;2;23;30;61m▀[38;2;4;6;16m[48;2;4;6;16m▀[38;2;4;6;16m[48;2;4;6;16m▀[38;2;4;6;16m[48;2;4;6;16m▀[38;2;4;6;16m[48;2;4;6;16m▀[38;2;4;6;16m[48;2;4;6;16m▀[38;2;4;6;16m[48;2;255;196;80m▀[38;2;4;6;16m[48;2;4;6;16m▀[38;2;4;6;16m[48;2;4;6;16m▀[38;2;4;6;16m[48;2;4;6;16m▀[38;2;4;6;16m[48;2;4;6;16m▀[38;2;23;29;60m[48;2;23;30;61m▀[38;2;23;29;60m[48;2;23;30;61m▀[38;2;23;29;60m[48;2;23;30;61m▀[0m
[38;2;24;31;63m[48;2;24;31;64m▀[38;2;24;31;63m[48;2;24;31;64m▀[38;2;24;31;63m[48;2;24;31;64m▀[38;2;24;31;63m[48;2;24;31;64m▀[38;2;24;31;63m[48;2;24;31;64m▀[38;2;24;31;63m[48;2;24;31;64m▀[38;2;4;6;16m[48;2;4;6;16m▀[38;2;4;6;16m[48;2;4;6;16m▀[38;2;4;6;16m[48;2;4;6;16m▀[38;2;4;6;16m[48;2;4;6;16m▀[38;2;4;6;16m[48;2;4;6;16m▀[38;2;24;31;63m[48;2;24;31;64m▀[38;2;24;31;63m[48;2;24;31;64m▀[38;2;24;31;63m[48;2;24;31;64m▀[38;2;24;31;63m[48;2;24;31;64m▀[38;2;24;31;63m[48;2;24;31;64m▀[38;2;24;31;63m[48;2;24;31;64m▀[38;2;24;31;63m[48;2;24;31;64m▀[38;2;24;31;63m[48;2;24;31;64m▀[38;2;24;31;63m[48;2;24;31;64m▀[38;2;24;31;63m[48;2;24;31;64m▀[38;2;24;31;63m[48;2;24;31;64m▀[38;2;24;31;63m[48;2;24;31;64m▀[38;2;24;31;63m[48;2;24;31;64m▀[38;2;24;31;63m[48;2;24;31;64m▀[38;2;24;31;63m[48;2;24;31;64m▀[38;2;4;6;16m[48;2;4;6;16m▀[38;2;4;6;16m[48;2;4;6;16m▀[38;2;4;6;16m[48;2;4;6;16m▀[38;2;4;6;16m[48;2;4;6;16m▀[38;2;4;6;16m[48;2;4;6;16m▀[38;2;4;6;16m[48;2;4;6;16m▀[38;2;24;31;63m[48;2;24;31;64m▀[38;2;24;31;63m[48;2;24;31;64m▀[38;2;24;31;63m[48;2;24;31;64m▀[38;2;24;31;63m[48;2;24;31;64m▀[38;2;24;31;63m[48;2;24;31;64m▀[38;2;24;31;63m[48;2;4;6;16m▀[38;2;24;31;63m[48;2;4;6;16m▀[38;2;24;31;63m[48;2;4;6;16m▀[38;2;24;31;63m[48;2;4;6;16m▀[38;2;24;31;63m[48;2;4;6;16m▀[38;2;24;31;63m[48;2;24;31;64m▀[38;2;24;31;63m[48;2;24;31;64m▀[38;2;24;31;63m[48;2;24;31;64m▀[38;2;24;31;63m[48;2;24;31;64m▀[38;2;24;31;63m[48;2;24;31;64m▀[38;2;255;196;80m[48;2;4;6;16m▀[38;2;4;6;16m[48;2;4;6;16m▀[38;2;4;6;16m[48;2;4;6;16m▀[38;2;4;6;16m[48;2;4;6;16m▀[38;2;4;6;16m[48;2;4;6;16m▀[38;2;4;6;16m[48;2;4;6;16m▀[38;2;4;6;16m[48;2;4;6;16m▀[38;2;4;6;16m[48;2;4;6;16m▀[38;2;4;6;16m[48;2;4;6;16m▀[38;2;4;6;16m[48;2;4;6;16m▀[38;2;24;31;63m[48;2;24;31;64m▀[38;2;24;31;63m[48;2;24;31;64m▀[38;2;24;31;63m[48;2;24;31;64m▀[0m
[38;2;25;32;65m[48;2;26;33;66m▀[38;2;25;32;65m[48;2;26;33;66m▀[38;2;25;32;65m[48;2;26;33;66m▀[38;2;25;32;65m[48;2;26;33;66m▀[38;2;25;32;65m[48;2;26;33;66m▀[38;2;25;32;65m[48;2;26;33;66m▀[38;2;4;6;16m[48;2;4;6;16m▀[38;2;4;6;16m[48;2;4;6;16m▀[38;2;4;6;16m[48;2;4;6;16m▀[38;2;4;6;16m[48;2;255;196;80m▀[38;2;4;6;16m[48;2;4;6;16m▀[38;2;25;32;65m[48;2;26;33;66m▀[38;2;25;32;65m[48;2;26;33;66m▀[38;2;25;32;65m[48;2;26;33;66m▀[38;2;25;32;65m[48;2;26;33;66m▀[38;2;25;32;65m[48;2;26;33;66m▀[38;2;4;6;16m[48;2;4;6;16m▀[38;2;4;6;16m[48;2;4;6;16m▀[38;2;4;6;16m[48;2;4;6;16m▀[38;2;4;6;16m[48;2;4;6;16m▀[38;2;4;6;16m[48;2;4;6;16m▀[38;2;4;6;16m[48;2;4;6;16m▀[38;2;25;32;65m[48;2;26;33;66m▀[38;2;25;32;65m[48;2;26;33;66m▀[38;2;25;32;65m[48;2;26;33;66m▀[38;2;25;32;65m[48;2;26;33;66m▀[38;2;4;6;16m[48;2;4;6;16m▀[38;2;4;6;16m[48;2;4;6;16m▀[38;2;4;6;16m[48;2;4;6;16m▀[38;2;4;6;16m[48;2;4;6;16m▀[38;2;4;6;16m[48;2;4;6;16m▀[38;2;4;6;16m[48;2;4;6;16m▀[38;2;25;32;65m[48;2;26;33;66m▀[38;2;25;32;65m[48;2;26;33;66m▀[38;2;25;32;65m[48;2;26;33;66m▀[38;2;25;32;65m[48;2;26;33;66m▀[38;2;25;32;65m[48;2;26;33;66m▀[38;2;4;6;16m[48;2;4;6;16m▀[38;2;4;6;16m[48;2;4;6;16m▀[38;2;4;6;16m[48;2;4;6;16m▀[38;2;4;6;16m[48;2;4;6;16m▀[38;2;4;6;16m[48;2;4;6;16m▀[38;2;25;32;65m[48;2;26;33;66m▀[38;2;25;32;65m[48;2;26;33;66m▀[38;2;25;32;65m[48;2;26;33;66m▀[38;2;25;32;65m[48;2;26;33;66m▀[38;2;25;32;65m[48;2;26;33;66m▀[38;2;4;6;16m[48;2;4;6;16m▀[38;2;4;6;16m[48;2;4;6;16m▀[38;2;4;6;16m[48;2;4;6;16m▀[38;2;4;6;16m[48;2;4;6;16m▀[38;2;4;6;16m[48;2;4;6;16m▀[38;2;4;6;16m[48;2;4;6;16m▀[38;2;4;6;16m[48;2;4;6;16m▀[38;2;4;6;16m[48;2;4;6;16m▀[38;2;4;6;16m[48;2;150;118;60m▀[38;2;4;6;16m[48;2;4;6;16m▀[38;2;25;32;65m[48;2;4;6;16m▀[38;2;25;32;65m[48;2;4;6;16m▀[38;2;25;32;65m[48;2;4;6;16m▀[0m
[38;2;4;6;16m[48;2;4;6;16m▀[38;2;4;6;16m[48;2;4;6;16m▀[38;2;4;6;16m[48;2;4;6;16m▀[38;2;4;6;16m[48;2;4;6;16m▀[38;2;4;6;16m[48;2;4;6;16m▀[38;2;4;6;16m[48;2;4;6;16m▀[38;2;4;6;16m[48;2;4;6;16m▀[38;2;4;6;16m[48;2;4;6;16m▀[38;2;4;6;16m[48;2;4;6;16m▀[38;2;4;6;16m[48;2;4;6;16m▀[38;2;4;6;16m[48;2;4;6;16m▀[38;2;26;33;68m[48;2;27;34;69m▀[38;2;26;33;68m[48;2;27;34;69m▀[38;2;26;33;68m[48;2;27;34;69m▀[38;2;26;33;68m[48;2;27;34;69m▀[38;2;26;33;68m[48;2;27;34;69m▀[38;2;4;6;16m[48;2;4;6;16m▀[38;2;4;6;16m[48;2;4;6;16m▀[38;2;4;6;16m[48;2;4;6;16m▀[38;2;4;6;16m[48;2;4;6;16m▀[38;2;4;6;16m[48;2;4;6;16m▀[38;2;4;6;16m[48;2;4;6;16m▀[38;2;26;33;68m[48;2;27;34;69m▀[38;2;26;33;68m[48;2;27;34;69m▀[38;2;26;33;68m[48;2;27;34;69m▀[38;2;26;33;68m[48;2;27;34;69m▀[38;2;4;6;16m[48;2;4;6;16m▀[38;2;150;118;60m[48;2;4;6;16m▀[38;2;4;6;16m[48;2;4;6;16m▀[38;2;4;6;16m[48;2;4;6;16m▀[38;2;4;6;16m[48;2;4;6;16m▀[38;2;4;6;16m[48;2;4;6;16m▀[38;2;26;33;68m[48;2;4;6;16m▀[38;2;26;33;68m[48;2;4;6;16m▀[38;2;26;33;68m[48;2;4;6;16m▀[38;2;26;33;68m[48;2;4;6;16m▀[38;2;26;33;68m[48;2;4;6;16m▀[38;2;4;6;16m[48;2;4;6;16m▀[38;2;4;6;16m[48;2;4;6;16m▀[38;2;4;6;16m[48;2;4;6;16m▀[38;2;4;6;16m[48;2;4;6;16m▀[38;2;4;6;16m[48;2;4;6;16m▀[38;2;26;33;68m[48;2;27;34;69m▀[38;2;26;33;68m[48;2;27;34;69m▀[38;2;26;33;68m[48;2;27;34;69m▀[38;2;26;33;68m[48;2;27;34;69m▀[38;2;26;33;68m[48;2;27;34;69m▀[38;2;4;6;16m[48;2;4;6;16m▀[38;2;4;6;16m[48;2;4;6;16m▀[38;2;4;6;16m[48;2;4;6;16m▀[38;2;255;196;80m[48;2;4;6;16m▀[38;2;4;6;16m[48;2;4;6;16m▀[38;2;4;6;16m[48;2;4;6;16m▀[38;2;4;6;16m[48;2;4;6;16m▀[38;2;4;6;16m[48;2;4;6;16m▀[38;2;4;6;16m[48;2;4;6;16m▀[38;2;4;6;16m[48;2;4;6;16m▀[38;2;4;6;16m[48;2;4;6;16m▀[38;2;4;6;16m[48;2;4;6;16m▀[38;2;4;6;16m[48;2;4;6;16m▀[0m
[38;2;4;6;16m[48;2;4;6;16m▀[38;2;4;6;16m[48;2;4;6;16m▀[38;2;4;6;16m[48;2;4;6;16m▀[38;2;4;6;16m[48;2;4;6;16m▀[38;2;4;6;16m[48;2;4;6;16m▀[38;2;4;6;16m[48;2;4;6;16m▀[38;2;4;6;16m[48;2;4;6;16m▀[38;2;4;6;16m[48;2;4;6;16m▀[38;2;4;6;16m[48;2;4;6;16m▀[38;2;4;6;16m[48;2;4;6;16m▀[38;2;4;6;16m[48;2;4;6;16m▀[38;2;4;6;16m[48;2;4;6;16m▀[38;2;4;6;16m[48;2;4;6;16m▀[38;2;4;6;16m[48;2;4;6;16m▀[38;2;4;6;16m[48;2;4;6;16m▀[38;2;4;6;16m[48;2;4;6;16m▀[38;2;4;6;16m[48;2;4;6;16m▀[38;2;255;196;80m[48;2;4;6;16m▀[38;2;4;6;16m[48;2;4;6;16m▀[38;2;4;6;16m[48;2;4;6;16m▀[38;2;4;6;16m[48;2;4;6;16m▀[38;2;4;6;16m[48;2;4;6;16m▀[38;2;27;35;70m[48;2;28;35;71m▀[38;2;27;35;70m[48;2;28;35;71m▀[38;2;27;35;70m[48;2;28;35;71m▀[38;2;27;35;70m[48;2;28;35;71m▀[38;2;4;6;16m[48;2;4;6;16m▀[38;2;4;6;16m[48;2;4;6;16m▀[38;2;4;6;16m[48;2;4;6;16m▀[38;2;4;6;16m[48;2;4;6;16m▀[38;2;4;6;16m[48;2;4;6;16m▀[38;2;4;6;16m[48;2;4;6;16m▀[38;2;4;6;16m[48;2;4;6;16m▀[38;2;4;6;16m[48;2;4;6;16m▀[38;2;4;6;16m[48;2;4;6;16m▀[38;2;4;6;16m[48;2;255;196;80m▀[38;2;4;6;16m[48;2;4;6;16m▀[38;2;4;6;16m[48;2;4;6;16m▀[38;2;4;6;16m[48;2;4;6;16m▀[38;2;4;6;16m[48;2;4;6;16m▀[38;2;150;118;60m[48;2;4;6;16m▀[38;2;4;6;16m[48;2;4;6;16m▀[38;2;27;35;70m[48;2;4;6;16m▀[38;2;27;35;70m[48;2;4;6;16m▀[38;2;27;35;70m[48;2;4;6;16m▀[38;2;27;35;70m[48;2;4;6;16m▀[38;2;27;35;70m[48;2;4;6;16m▀[38;2;4;6;16m[48;2;4;6;16m▀[38;2;4;6;16m[48;2;4;6;16m▀[38;2;4;6;16m[48;2;4;6;16m▀[38;2;4;6;16m[48;2;4;6;16m▀[38;2;4;6;16m[48;2;4;6;16m▀[38;2;4;6;16m[48;2;4;6;16m▀[38;2;4;6;16m[48;2;4;6;16m▀[38;2;4;6;16m[48;2;4;6;16m▀[38;2;4;6;16m[48;2;4;6;16m▀[38;2;4;6;16m[48;2;4;6;16m▀[38;2;4;6;16m[48;2;4;6;16m▀[38;2;4;6;16m[48;2;255;196;80m▀[38;2;4;6;16m[48;2;4;6;16m▀[0m
[38;2;4;6;16m[48;2;4;6;16m▀[38;2;4;6;16m[48;2;4;6;16m▀[38;2;4;6;16m[48;2;255;196;80m▀[38;2;4;6;16m[48;2;4;6;16m▀[38;2;4;6;16m[48;2;4;6;16m▀[38;2;4;6;16m[48;2;4;6;16m▀[38;2;4;6;16m[48;2;4;6;16m▀[38;2;255;196;80m[48;2;4;6;16m▀[38;2;4;6;16m[48;2;4;6;16m▀[38;2;4;6;16m[48;2;4;6;16m▀[38;2;4;6;16m[48;2;4;6;16m▀[38;2;4;6;16m[48;2;4;6;16m▀[38;2;4;6;16m[48;2;4;6;16m▀[38;2;4;6;16m[48;2;4;6;16m▀[38;2;4;6;16m[48;2;4;6;16m▀[38;2;4;6;16m[48;2;4;6;16m▀[38;2;4;6;16m[48;2;4;6;16m▀[38;2;4;6;16m[48;2;4;6;16m▀[38;2;4;6;16m[48;2;4;6;16m▀[38;2;4;6;16m[48;2;4;6;16m▀[38;2;4;6;16m[48;2;4;6;16m▀[38;2;4;6;16m[48;2;4;6;16m▀[38;2;4;6;16m[48;2;4;6;16m▀[38;2;4;6;16m[48;2;4;6;16m▀[38;2;4;6;16m[48;2;4;6;16m▀[38;2;4;6;16m[48;2;4;6;16m▀[38;2;4;6;16m[48;2;4;6;16m▀[38;2;4;6;16m[48;2;4;6;16m▀[38;2;4;6;16m[48;2;4;6;16m▀[38;2;4;6;16m[48;2;4;6;16m▀[38;2;255;196;80m[48;2;4;6;16m▀[38;2;4;6;16m[48;2;4;6;16m▀[38;2;4;6;16m[48;2;4;6;16m▀[38;2;4;6;16m[48;2;4;6;16m▀[38;2;4;6;16m[48;2;4;6;16m▀[38;2;4;6;16m[48;2;4;6;16m▀[38;2;4;6;16m[48;2;4;6;16m▀[38;2;4;6;16m[48;2;4;6;16m▀[38;2;4;6;16m[48;2;4;6;16m▀[38;2;4;6;16m[48;2;4;6;16m▀[38;2;4;6;16m[48;2;4;6;16m▀[38;2;4;6;16m[48;2;4;6;16m▀[38;2;4;6;16m[48;2;4;6;16m▀[38;2;4;6;16m[48;2;4;6;16m▀[38;2;4;6;16m[48;2;4;6;16m▀[38;2;4;6;16m[48;2;4;6;16m▀[38;2;4;6;16m[48;2;4;6;16m▀[38;2;4;6;16m[48;2;4;6;16m▀[38;2;4;6;16m[48;2;255;196;80m▀[38;2;4;6;16m[48;2;4;6;16m▀[38;2;4;6;16m[48;2;4;6;16m▀[38;2;4;6;16m[48;2;4;6;16m▀[38;2;4;6;16m[48;2;4;6;16m▀[38;2;150;118;60m[48;2;4;6;16m▀[38;2;4;6;16m[48;2;4;6;16m▀[38;2;4;6;16m[48;2;4;6;16m▀[38;2;4;6;16m[48;2;4;6;16m▀[38;2;4;6;16m[48;2;4;6;16m▀[38;2;4;6;16m[48;2;4;6;16m▀[38;2;4;6;16m[48;2;4;6;16m▀[0m
[38;2;4;6;16m[48;2;4;6;16m▀[38;2;4;6;16m[48;2;4;6;16m▀[38;2;4;6;16m[48;2;4;6;16m▀[38;2;4;6;16m[48;2;4;6;16m▀[38;2;4;6;16m[48;2;4;6;16m▀[38;2;4;6;16m[48;2;4;6;16m▀[38;2;4;6;16m[48;2;4;6;16m▀[38;2;4;6;16m[48;2;4;6;16m▀[38;2;4;6;16m[48;2;4;6;16m▀[38;2;4;6;16m[48;2;4;6;16m▀[38;2;4;6;16m[48;2;4;6;16m▀[38;2;4;6;16m[48;2;4;6;16m▀[38;2;4;6;16m[48;2;4;6;16m▀[38;2;4;6;16m[48;2;4;6;16m▀[38;2;4;6;16m[48;2;4;6;16m▀[38;2;4;6;16m[48;2;4;6;16m▀[38;2;4;6;16m[48;2;4;6;16m▀[38;2;4;6;16m[48;2;4;6;16m▀[38;2;4;6;16m[48;2;4;6;16m▀[38;2;4;6;16m[48;2;4;6;16m▀[38;2;255;196;80m[48;2;4;6;16m▀[38;2;4;6;16m[48;2;4;6;16m▀[38;2;4;6;16m[48;2;4;6;16m▀[38;2;4;6;16m[48;2;4;6;16m▀[38;2;4;6;16m[48;2;4;6;16m▀[38;2;4;6;16m[48;2;4;6;16m▀[38;2;4;6;16m[48;2;4;6;16m▀[38;2;4;6;16m[48;2;4;6;16m▀[38;2;4;6;16m[48;2;4;6;16m▀[38;2;4;6;16m[48;2;4;6;16m▀[38;2;4;6;16m[48;2;4;6;16m▀[38;2;4;6;16m[48;2;4;6;16m▀[38;2;4;6;16m[48;2;4;6;16m▀[38;2;4;6;16m[48;2;4;6;16m▀[38;2;4;6;16m[48;2;4;6;16m▀[38;2;4;6;16m[48;2;4;6;16m▀[38;2;4;6;16m[48;2;4;6;16m▀[38;2;4;6;16m[48;2;4;6;16m▀[38;2;4;6;16m[48;2;4;6;16m▀[38;2;4;6;16m[48;2;4;6;16m▀[38;2;4;6;16m[48;2;4;6;16m▀[38;2;4;6;16m[48;2;4;6;16m▀[38;2;4;6;16m[48;2;4;6;16m▀[38;2;255;196;80m[48;2;4;6;16m▀[38;2;4;6;16m[48;2;4;6;16m▀[38;2;4;6;16m[48;2;4;6;16m▀[38;2;4;6;16m[48;2;4;6;16m▀[38;2;4;6;16m[48;2;4;6;16m▀[38;2;4;6;16m[48;2;4;6;16m▀[38;2;4;6;16m[48;2;4;6;16m▀[38;2;4;6;16m[48;2;4;6;16m▀[38;2;4;6;16m[48;2;4;6;16m▀[38;2;4;6;16m[48;2;4;6;16m▀[38;2;4;6;16m[48;2;4;6;16m▀[38;2;4;6;16m[48;2;4;6;16m▀[38;2;4;6;16m[48;2;4;6;16m▀[38;2;4;6;16m[48;2;4;6;16m▀[38;2;4;6;16m[48;2;4;6;16m▀[38;2;4;6;16m[48;2;4;6;16m▀[38;2;4;6;16m[48;2;4;6;16m▀[0m

[1;38;2;255;201;0m                T H E   B A T - S I G N A L                 [0m
[3;38;2;125;130;150m                   Gotham City — 11:47 PM                   [0m
